7.943957790106668
6.142128705737804
5.578679137205968
5.346193699035785
5.282108986351583
5.15791811887548
5.275008918709545
5.235290806927625
5.250360235631513
5.198848018649892
5.2552158050416695
5.118949449500866
5.063957871997244
5.166400030821028
4.859866858530104
5.145255024642417
5.081002766761558
5.048181881264544
4.912390252991539
4.9854727634205505
4.888280470702707
4.952418584694658
4.9972172222574
4.961843103129263
4.8620598109621
4.836709788665118
4.797888148979339
4.69384972121354
4.961638432261047
4.803523840150178
5.03276311925992
4.873961525533876
4.732247789772659
4.943222169694209
4.902567062940094
4.599042287097145
4.840978887708358
4.79435426146477
4.86159838446158
4.883609246921323
4.683909982581883
4.659470290987289
4.732477618759809
4.711695910656507
4.766723028142564
4.875620950925775
4.762300574958249
4.913092412453735
4.728422154186328
4.647541726601799
4.763384774938953
4.58935544174329
4.609841651693174
4.751833370382908
4.72915154734428
4.592854927574008
4.5218925317264755
4.813301498511223
4.751392760236587
4.78976454366242
4.680365760714966
4.75810186874907
4.621645410356954
4.628629044738272
4.670139626857504
4.628850130090392
4.617675306722637
4.733630361749162
4.833902277076973
4.534652665759705
4.569160644659607
4.625678679096734
4.662110348287921
4.6117339426053885
4.543177482880687
4.707550619738191
4.734925695181083
4.642750702111707
4.5645025677882805
4.523892477216947
4.619996911358489
4.570577519959265
4.571800520162413
4.500352208496028
4.507209842557765
4.572061869021444
4.560645740099324
4.474995756609594
4.408187340643567
4.59899703439833
4.451104270320697
4.483380943269352
4.546017351100983
4.705405995213456
4.5010162936707925
4.377452433623275
4.625852849656743
4.557753348214314
4.558235647884884
4.578469734654408
4.399188305034922
4.554419825437296
4.574502970736113
4.461614539234311
4.647376463273562
4.564854718837732
4.418737508779401
4.515953659634421
4.383711652845533
4.422428869243499
4.482085996030062
4.51118909195407
4.502762515600545
4.393760815000713
4.286262328642945
4.388727050283197
4.482938482730742
4.343763253082404
4.463314723550534
4.396165900864406
4.539679009744069
4.270321245618674
4.316268842160644
4.464781494395302
4.620154008306431
4.3734090080448205
4.408308732822229
4.394533925317564
4.484211200435026
4.680107023457639
4.312157157456158
4.360387907800838
4.308779753843965
4.4531556100165774
4.469266501881324
4.383347094182363
4.485390201539766
4.338897075346177
4.315170171446965
4.29214998849148
4.4694371237339565
4.502599679555616
4.367030411715677
4.501655015318366
4.248448901104771
4.319346848337346
4.315727794481724
4.309811346321243
4.263797614041704
4.330546465943036
4.352281531348633
4.28686873477483
4.452934840985736
4.3130183945225165
4.406224186185319
4.394439211822772
4.329076544640621
4.348346154938164
4.278328997156617
4.356342320169297
4.4211442362446745
4.277815501378498
4.2433988873734725
4.336803846609692
4.129739348052127
4.313350354309999
4.308079669117712
4.2513744722448
4.309633446086885
4.289250593981224
4.217637278811401
4.26187750577512
4.277426395181941
4.440872265917815
4.280705316338205
4.348843131636811
4.3816182722776915
4.279413424598463
4.290068591807821
4.3437799722453185
4.359361200637411
4.298580452741826
4.150667987519345
4.243373626230931
4.4031489757756335
4.294314262660954
4.367336504963634
4.235023301344828
4.219399637583131
4.170855927905234
4.3455419969620666
4.2036669527200585
4.016564234839214
4.2844804049517355
4.1053666551969625
4.201372136407245
4.179215430825913
4.212403341172885
4.389433819239113
4.102083521063799
4.2449568638432815
4.143447154101341
4.248088786356958
4.259290600781468
4.381895237321851
4.217987118721085
4.138894691847575
4.190252643607185
4.100178371194286
4.13141960959749
4.135863304726644
4.256031402214742
4.059730121530726
4.258578333461183
4.233236969842259
4.074387790890964
4.197690752751999
4.240399764455748
4.2164887847010375
4.110967771403876
4.032918867330718
4.065534494902238
4.268925832627966
4.111145395696075
4.280370848131489
3.9915069318515815
4.1883440816214526
4.054879905691533
4.125069894044342
7.675197082828147
5.902565192152446
5.44318438556251
5.457153130690834
5.426017667456596
5.347643169463689
4.995886082703809
5.119005848204696
5.124071661737035
5.235427827728874
5.044363480247685
4.98412562551654
4.906956433789269
5.053863376939523
4.93058346532223
4.738722323591244
4.963205271046155
4.732384379756607
4.861976668796843
4.978387885093526
4.778771585007856
4.764773466120467
4.89953294287678
4.671304136171682
4.881144634949971
4.758692462812632
4.597088913092393
4.659308012735937
4.785488958975993
4.501231375400889
4.752695019068489
4.57267479420243
4.8371854285960385
4.702595728175117
4.708104320267055
4.6706567490083595
4.786867614585902
4.586335768130623
4.67802295018278
4.5418177527526185
4.701056366810117
4.517502972426849
4.7009187086650925
4.534823612147154
4.511117388481423
4.514035224970402
4.541387289237952
4.5005669469036675
4.275290413924602
4.586514488732559
4.573729636447237
4.563621314025523
4.565775440200081
4.424925466881655
4.601645113707905
4.4415305663682405
4.407965171168277
4.416070607666489
4.458119871444376
4.377023943669792
4.326599400767117
4.508138701539685
4.245405379297213
4.336200134609153
4.390528510485727
4.258859424948114
4.50256074188227
4.24936408579375
4.289940348689761
4.264688806572359
4.278069506998087
4.3880716054908335
4.2927461710360975
4.43107201751988
4.1735102670961925
4.2164888059492736
4.166398689071849
4.21309413527924
4.423071219261888
4.2773415039056735
4.297838116880225
4.366317472341778
4.325508009797074
4.280310781756905
4.1478632768879145
4.235842564825864
4.26933843041071
4.349704010359102
4.264907331528407
4.177373561780414
4.307131406198296
4.244368548548212
4.262477262153949
4.2688446784879694
4.191695565469002
4.219916344914257
4.183522311834934
4.0890415941211256
4.303990957251021
4.02344431652344
4.326474424755995
4.255912455571345
4.146028756149241
4.204264865764686
4.152218120854078
4.058209347363289
4.192518187691461
4.168907171476091
4.104556562769614
4.111356516157551
4.238797986803811
4.139268555355488
4.2003015513252056
4.107060053721576
4.257117555804508
4.06135531870054
3.9538255276955248
4.066689214407175
4.032633945166787
4.047717465452748
4.144843085562705
4.030207987736575
4.288838198870537
4.27601363630228
4.10769349737674
4.184701241114007
4.100062817308985
3.989732467489336
4.187425921188862
4.002893584593649
4.118346989088084
4.064242387322159
4.125662378661177
4.178447026087175
4.033048175634118
4.1498778440088095
4.138120265793697
4.0431202012946965
4.080637005024677
4.109490288127608
4.165574464050633
4.094831392686181
4.069962248720117
3.8981152706440203
3.991224915078898
3.955753431094389
3.9905680355243462
4.107018210798353
4.244050017390424
4.0933672719450955
4.06070735205762
4.061180944104618
4.112727415843699
4.097349568338106
3.951726421412195
4.028794795496304
4.0992257322228305
3.9390429603561254
3.960582707295601
4.0959567981539236
3.8996700682496943
3.8513022036367994
4.033061187666062
4.092593301825515
4.123194177285943
3.9861416417664874
3.98964215116817
4.174113254909551
3.9823973174934353
4.113514236774952
4.019484601427076
3.957170985505057
3.9636147041416048
4.083523400972623
4.009547294081014
3.971726225764197
3.9496931589133464
4.009269974137749
3.913017380547889
3.9969771280470807
3.7809745422122876
3.974500401123696
3.9846516281635553
4.081429245009975
3.849671965629554
3.9781110489655167
3.9620334150087024
4.029387264022921
3.8754500741525053
3.963134532961501
4.039829391302862
3.9236350802812026
4.009776730939969
4.044937426731498
3.959187992764434
4.209545424779985
3.845223437129734
3.794698816684832
3.9549606588754216
4.037879322542653
3.9012632459872334
3.9247504973763165
3.776684196249225
3.921401075113904
3.906313587915454
3.957369871004245
3.8791593638452095
3.876426591190723
3.760921416843915
3.8249911465156132
3.87409291992159
3.888234652353113
3.8119155989442377
3.8762363410435006
3.766606008072707
3.9149101316106716
4.07866274833693
3.8441871915389605
4.001760238594535
3.7999460540298178
3.95445777558288
3.9190225605836755
3.8090012406053195
3.8345213890512584
3.92120863367399
4.023915776631977
3.9828681116957187
3.940088284450016
3.8629712438530017
3.742040470290445
3.9124586580111647
3.9315687102582753
3.9536745385366743
3.8047984378116264
3.9019428242885423
3.944139355608212
3.9163575212852777
3.9268643325252253
3.9337208144832334
3.7855203008683618
3.892862822768647
3.9362781108179963
3.8880887467375027
3.9010103503898574
3.87392673419074
3.671821996414089
3.8679225531097767
3.841175642606909
3.781644614161151
3.8271943308133625
3.830845650754869
3.747041389735532
3.6820325625106576
3.6852749288778743
3.9017208322505685
3.766444436132025
3.8360280665629323
3.689304887371325
3.841508496972421
3.9291398966081994
3.8157997116880207
3.8826789018285632
3.758337193392326
3.798108076112571
3.8863738737304567
3.8514336119104655
3.9453152557012294
3.8046383193114583
3.7854657784768557
3.8091808992714973
3.6686975754899516
3.802255196030604
3.8211090430871173
3.8387567678002172
3.86657315434471
3.6217855904927863
3.828630256720981
3.769173722064737
3.820451049089225
3.6360585353156383
3.837775899121715
3.8705772703733423
3.929810658021735
3.71711937509989
3.8958652448258984
3.7114653822779853
3.8112695247844703
3.855674493671882
3.8738727859626283
3.7956567522333473
3.7588359947390075
3.7014848087934547
3.7189401342570263
3.918094710572782
3.6828544250551105
3.863657950197319
3.724089734843493
3.8899468324320616
3.721586606406753
3.674438458457914
3.660814469339999
3.8065442928230193
3.843668780854699
3.8149312929080073
3.8304082627611313
3.798288904254708
3.7729814437341007
3.5674938986173275
3.7019715798318162
3.626391464413785
3.5965736403870165
3.704680944858195
3.664491161161487
3.6149099136738623
3.996247430413321
3.684287367405371
3.6374634624843285
3.678795688476343
3.827020537223949
3.2672808645289355
3.4574190897084294
3.4658585187495357
3.516265126143933
3.3197090639453846
3.597336612811621
3.3556563529347017
3.3568701228886755
3.3452071358607673
3.2634342065429207
3.492543675453587
3.3809908246149605
3.4830752485808016
3.503547562193905
3.4899885307916954
3.477291269445482
3.3088613098960953
3.306281274334185
3.485811436952529
3.4481214707544807
3.377934260494529
3.4483669111392445
3.3780440888258365
3.37512616722433
3.4741284169096405
3.520534297078878
3.496309426765531
3.460934209039443
3.5038941785047264
3.3589722696884956
3.476211577338729
3.4896623618593265
3.3624514171627324
3.4143766360992434
3.4229497031401745
3.384117203913886
3.408070511311838
3.331006612689541
3.507152318607891
3.312108206941116
3.3772223145724225
3.539072481825139
3.331738006232972
3.6599812816856683
3.4881751318412046
3.514289221557399
3.405593341961334
3.4183078728590615
3.413003450442379
3.4635854747597308
3.4305983208705904
3.574614355825641
3.648701761987873
3.4064570236728953
3.3560717546683314
3.383320656814139
3.5056230050163
3.505264656495512
3.5811691315101775
3.4790117983318396
3.495448853347053
3.4146172712397447
3.3806928970372736
3.5665584673013893
3.6011454479264278
3.408784492192664
3.4119893819826888
3.381535700335834
3.320073717544207
3.4816718705225638
3.360587118786727
3.4861811879892253
3.4914235644021807
3.4144834338911023
3.3433787525143934
3.401640999445153
3.4754989955657987
3.3002370074340273
3.4125702761884775
3.431500961811227
3.353326148368436
3.382342309581883
3.4856559001724605
3.3800735646157483
3.4192660511929374
3.267849258933795
3.3327499032882866
3.4378350979479206
3.3178146302737463
3.480599075256849
3.493679817494144
3.444584648676588
3.404064017694958
3.389036959777063
3.401664168242832
3.4033073828373683
3.511392550058906
3.4150005729850794
3.337954517399408
3.4285474475585325
3.360274162483142
3.463781413830862
3.344957571114163
3.535775970624367
3.406121514322503
3.4069241189603834
3.4841902238593936
3.446974677250949
3.4363272746340474
3.3592385742430086
3.4828217004662956
3.373897819435748
3.4991510912653494
3.5031699671431205
3.374286126509467
3.3935731431771994
3.4433981690631015
3.4372455839964973
3.4017847753476342
3.4569831403692213
3.366610236123155
3.407021418585347
3.4332180230257654
3.4656336395076317
3.488487630060746
3.3927505164021867
3.3092006711837776
3.3433576941593954
3.4871281972509327
3.5459111390349216
3.46872445711236
3.33189658630216
3.4869244431617124
3.47758729232519
3.339429908356822
3.3990639164246215
3.4441049290663184
3.4036877052237453
3.522318187810459
3.3587923196391825
3.5140057244107923
3.445818702426855
3.505105664955449
3.474637363182002
3.3946019846693467
3.4705227387555078
3.3419766562053805
3.4890246393970417
3.349861122593684
3.6147964546762354
3.4725449531869232
3.4717731755294126
3.38692282240992
3.2811566354940482
3.395464825950618
3.5810279142783026
3.528518240683922
3.6338472128205113
3.4295506447443667
3.451929592006354
3.5095156959690894
3.3643337961699182
3.5521978624247583
3.404891989920606
3.4648661371791913
3.4804974094873042
3.3406367584185426
3.4042640291067516
3.4655180534517624
3.5657564964890964
3.4171714334018004
3.3059887390826073
3.2591817133350025
3.2696753200423605
3.370308607993926
3.47018156358132
3.4684382978524724
3.4021438512399578
3.4945049603059304
3.4454320191158767
3.5822165685204355
3.312453291555004
3.3534516704499895
3.4876470247839366
3.499583176034769
3.61054501858685
3.4043092253541687
3.447308699312764
3.385597681115771
3.5344366998583405
3.593495607815396
3.351840312729986
3.4677320068075574
3.364037109249214
3.3462569759360865
3.4216765274969423
3.3840466353596925
3.233365544526972
3.481626576598203
3.3555776954866223
3.402401944291016
3.582402078540817
3.4539360366094756
3.4103464430890473
3.294880941926842
3.3233946795045664
3.39172476254862
3.512610496847557
3.605957972973768
3.4993010523406416
3.4950938512517262
3.5465538682580733
3.4340662521310223
3.3781722937125336
3.4149922103274353
3.3942008637289534
3.446933922275287
3.3631801834550235
3.2434380690811797
3.401011495461087
3.433820927758786
3.3915746569540475
3.3642454815158582
3.5920391560058094
3.4575295010055402
3.347601727483607
3.33730163930216
3.4511551034477828
3.387173218925156
3.4576332711443007
3.4315873167836473
3.480678434955089
3.3270153398511275
3.392770787058363
3.3718958805685575
3.5265265091478146
3.4487715537549786
3.3084513358458567
3.4410058285481604
3.3553878887468773
3.4356635639347393
3.3176618200897985
3.5011933514482276
3.333547836677573
3.334701824948841
3.3629422720408724
3.4679416671436614
3.3801112755957474
3.521608750718644
3.4153621904859746
3.506098048379047
3.3803818252833726
3.3192191725924522
3.2925981868386645
3.3372739462710292
3.422353053036435
3.3418302895468126
3.3936506886801374
3.5622332613826306
3.5478258625423766
3.483853997854559
3.408385247739561
3.26994473157435
3.436171640139815
3.4454865565115527
3.3673125704992475
3.332063714869619
3.3929085078405667
3.4004181198240726
3.4160130370411617
3.5378714684233006
3.302606659456984
3.4532153424262493
3.390991860172745
3.320581456579288
3.400761427060192
3.476428079634312
3.422639057045452
3.371838683215027
3.403631470614558
3.379810404052569
3.387692007608351
3.573751642854523
3.2766700286672727
3.4335830125296196
3.45610531546314
3.3956876410691517
3.5296218056069604
3.390580045756473
3.3750046382254384
3.2832077246054387
3.5902402476409203
3.3916301781632843
3.30196989703256
3.400116984600877
3.587383061386347
3.4423391836392825
3.363335724958405
3.3915063175575684
3.413707422983397
3.2478621810061394
3.4453685320731138
3.4932521866436845
3.426211227708442
3.485217447664813
3.3493526361062482
3.41237377732928
3.4626169682145043
3.469360984449555
3.3237803674684137
3.373729302769313
3.4022319419736733
3.381865321986439
3.4148786557266453
3.509009455124314
3.0715473486549545
2.8980093099347015
3.0492215300369834
3.1016845263621384
2.959698768301633
2.9855514794404905
3.101377738827692
3.175502948614254
3.1521035981540266
3.172355876931281
3.124872894968888
3.0311042606578487
3.162452248356228
3.0004874437534017
3.0091608839818553
2.995872254998353
3.1244296573717696
3.0529679942321786
3.147436156605884
3.008346975551271
7.497525599012895
6.061018591751966
5.748795968942576
5.457374833785931
5.4167243517404
5.308905085708528
5.32691360385955
5.19632866584092
5.253819571415241
5.276504097637306
5.145751388537828
5.171638701456361
5.042120837550848
5.1462462069655075
4.988470138305567
4.928972777559801
4.866585660568204
5.034913598729515
4.781301818128614
4.923277429562279
4.885690034831508
4.846095613078762
4.815696512507676
4.725084564294568
4.785240907661136
4.973668506337195
4.888055032030412
4.709185308509647
4.553430890170638
4.867737338471454
4.70057688395313
4.658855785698896
4.741712844844946
4.666782072006721
4.653463840387197
4.78041992589424
4.747910711111291
4.5662328465352715
4.604001086615608
4.5464880644622685
4.717144073627101
4.562668403403666
4.488654179969017
4.664328775212663
4.614658891384215
4.4611980758497385
4.3998141020426225
4.477711454883345
4.60919490334548
4.529882982236924
4.393045062142283
4.470657789792379
4.539209708396599
4.339643281541186
4.473922292248769
4.504724965643045
4.483501449380929
4.49288904817791
4.422623538770501
4.420886461496939
4.478410366111228
4.358595268701651
4.392208556753157
4.507843900202121
4.52677438754397
4.358614997192254
4.524910871612181
4.320061181289681
4.500662543267781
4.411791001165788
4.333190455031961
4.3448213793902815
4.499323593573336
4.3432402800799395
4.547284152907213
4.323979534609261
4.355435479043173
4.248006597450104
4.347305959033173
4.379409576680422
4.455940935281385
4.288656593063417
4.264823256057611
4.239609581756813
4.297759413301485
4.282612489465676
4.188844258292686
4.240230960870301
4.368836373753651
4.281061519997726
4.263015470947953
4.270252868242719
4.292621473412251
4.122014866930136
4.30311868748653
4.121667673981531
4.233340156089776
4.253442393696662
4.212840703392398
4.306287092978035
4.314722030884388
4.283986494384197
4.2135019396375535
4.258188694438149
4.238401267599147
4.100543666173645
4.07690924982017
4.252581369431662
4.131657230661656
4.141770328336803
4.335062880745548
4.247446391433328
4.152451123553827
4.217528009131685
4.214059420554511
4.036098061167451
4.150805582638666
3.978393197643461
4.193384301897695
4.154348436754571
4.171773774366981
4.144026425846657
4.263038432977277
4.110411993662156
3.970004889410883
4.094189387360538
4.187096446000877
4.125077281934539
4.007342048612472
4.086431925447211
4.035617889516637
3.978479427127533
4.11722476694892
4.076871970851062
4.228307512193097
4.243160527656501
4.223573666254356
4.073411656203454
4.135511206537801
3.894722087639015
4.101062395019046
4.192991626192911
4.110768088687205
3.927955626125983
4.179299187502354
4.203369369698054
4.201772583411973
4.1983399964340515
3.946237451111119
4.194332121404233
4.085481564620286
3.9567735576337593
3.9777080906692026
3.9687258507387617
3.916035400243911
4.0975322774025384
3.9923668166245125
4.225779673999586
3.9757653814874123
3.9576647823306392
4.0773771915561
4.017370478880161
4.072603284513807
3.9423185908018197
3.810994189270393
4.010519271575515
4.133210244254467
4.228063777917137
3.9522628066660213
4.083115117360483
4.099389340909039
3.967417547720773
3.969680245171952
4.045952852200487
3.8049804149372513
4.023396568078055
4.009389218775535
3.96028331880799
3.99906050842477
3.8825249063486327
4.075256801047398
4.064628463563643
3.926994876514609
3.9057520688574145
3.9148357156372278
4.095166523060311
4.1427323412696575
3.8994562358810767
3.879663742144439
3.88253300161665
3.992110109560249
3.9581463169344193
3.7735637270578417
3.898038294587738
3.9846640660900277
3.8274869499553823
3.9096845082097946
3.850109464092239
3.9324608287546807
3.9177114951777514
3.781485642766013
3.967055708668272
3.8082012941274
3.887319104117034
3.9195945778962726
3.890559753716853
3.9042930266812474
3.8629368619469266
3.983754200008031
3.8862736888832514
3.8694398307136915
3.940391116023848
4.0062424917747474
3.9480125686492578
3.9930106006753903
3.807853086643382
3.745259797362511
3.835686868389623
3.9332302248413837
3.817395495696477
3.917031478638259
3.9099378444854085
3.9063358851677337
3.7904616102775255
3.7836771886993326
4.0570631547366505
3.996955762754468
3.765299399309003
3.7955298147576264
3.878209877333327
3.9220066206672457
4.039855277676187
3.8511002516793194
3.8386290948385318
3.7767866597072275
3.9264881165084757
3.9198363638854654
3.7502188923365134
3.9106664553322865
3.921082919695928
3.8224547181938893
3.8940734971438316
3.842079617777506
3.8624265968519906
3.722090016763762
3.7346302921917887
3.872010108892555
3.862791733654713
3.8707246754489018
3.8895348831843934
3.810982640731161
3.908155170750794
3.7881862319148096
3.8233955664492374
3.7726371721372813
3.8216037011467456
4.068043421128616
3.919165803663166
3.7025685835254523
3.8331870794740808
3.8790148994177445
3.934119041459035
3.8345615802889728
3.8862632868704843
3.7238346032286143
3.8564834919781235
3.747534390983881
3.937027271300612
3.756240208431965
3.9184086686496484
3.8158045894664925
3.818200735419907
3.8964573006575853
3.750989997827453
3.8657571633119447
3.788814380859129
3.794450186557957
3.614743991261641
3.8226724005510255
3.785397293364223
3.8369897059345988
3.764185730739468
3.9056906651970467
3.975562545820409
3.760765324033903
3.9364694659805126
3.659450790506526
3.899104215404116
3.747574146741451
3.8313031246820595
3.784117588113175
3.7967547520282054
3.764686062008772
3.6706956767923167
3.795675447130025
3.8477904004895005
3.903211304793286
3.773350071263138
3.8195083035208826
3.640361182207087
3.7720176849946334
3.8100192704337577
3.7430728754898217
3.7599120822511964
3.748437591552853
3.832098333554504
3.764803277829332
3.6860570363157965
3.787830287253533
3.795213061291791
3.7406655357467127
3.76213068839699
3.902498918403619
3.6661510569532823
3.756418353534223
3.7944819213253913
3.75397734446798
3.78719480070199
3.871739997803195
3.647123068711542
3.7717184904936802
3.617106955457627
3.8097046008957762
3.697933940742832
3.75202764921726
3.9010214906672904
3.7007501656588437
3.8560388434471675
3.7360752677117492
3.7161320966923785
3.754662885897261
3.7226894113116624
3.5765265911271604
3.693602932202947
3.6980985094531387
3.755562506228308
3.9342442813250007
3.7635259866518114
3.6777698211305103
3.570849379616244
3.669074101320796
3.7168454700386486
3.6474561703377653
3.7769100192638025
3.7563289786652394
3.7739319138301877
3.793663956320285
3.619436312474902
3.719836825033754
3.6917009612729488
3.6708416713009786
3.781213078688655
3.725478935895725
3.692654076512066
3.640409285773479
3.766695982444568
3.6809854040709644
3.583463320742664
3.6411250495737
3.6724320483471278
3.728501527106329
3.8046726063270895
3.449477353227132
3.7604694712236646
3.733570063428488
3.672405543403913
3.7167681454518493
3.5306591388851096
3.709910680381429
3.5907539964414537
3.6548211194023805
3.5581571625031483
3.6284631190630283
3.721726964403152
3.6978219303447135
3.5149445739999035
3.5710341464881914
3.682300973437372
3.6890896356355642
3.6241829610967873
3.4883657895125255
3.507325541079465
3.6214058372397586
3.6272728413297437
3.6066652720916146
3.6197886582679852
3.7712072721788505
3.7246460036134623
3.6393750435595864
3.781552397502533
3.5957969803923056
3.6437182144218485
3.6265515981609333
3.7554097643024433
3.730169427974718
3.9025381187772323
3.5597331247674844
3.6452238279516638
3.6877140290689443
3.591252510603508
3.641204719186561
3.682463293578379
3.604448332831788
3.682132725741247
3.6161049197200352
3.6907844838409183
3.5493745474607006
3.6510696215254677
3.78307139708944
3.692067814827157
3.6901035922317407
3.696062009202641
3.804217479534986
3.6959623781876187
3.6710094703816316
3.7214169900788066
3.696384453371964
3.6718402693871983
3.544460348450271
3.6483858815394536
3.5773063634917217
3.583840696173884
3.618364136306403
3.6939393470621984
3.763882608496601
3.5405983375880203
3.5979022349825898
3.706226345243173
3.5387463931117615
3.696332637083742
3.7357566886425904
3.670996562910472
3.682303421792162
3.7647079132010868
3.657479782261023
3.4743394899461784
3.5903720828828716
3.6657119710443204
3.518453091149447
3.7165914900897197
3.58886555299821
3.558605888641117
3.6027304072612507
3.6022885879892614
3.827500850726137
3.577960334414984
3.6019588069682937
3.608168056597519
3.455700366511505
3.536420369663963
3.7111048139490204
3.6550447340286025
3.5159136788948597
3.7093069233724476
3.5660205110918106
3.725967504678071
3.6494667652760273
3.609431064678012
3.6552648470934046
3.473196888908256
3.6119099660126555
3.7127893519339046
3.6838015758489018
3.5972166473119835
3.685807540526048
3.550518356905418
3.7740657911202704
3.466855708071129
3.6027302713433187
3.7779738135232948
3.626607924188905
3.5506858134868593
3.4982960940634773
3.617814622139583
3.7064823866512544
3.7428180374098536
3.6110376342293073
3.5314562303989785
3.551839106104847
3.613511744539511
3.5784134676897925
3.578169564937204
3.5949771086795295
3.7055692270753524
3.6705486219432966
3.573409046065659
3.7065090329791923
3.606006011619556
3.6787629685900014
3.602219056353098
3.6393736925708837
3.6701328155201436
3.6523997364893535
3.590494175576067
3.614064020148626
3.6068293162359963
3.6532936383280297
3.521839536364194
3.5591503508751066
3.6121399106328456
3.742922392973077
3.560696159453604
3.6011870777662858
3.717813276681333
3.526789161240205
3.702113543076899
3.661587350381727
3.5306276272504817
3.571107315292927
3.5508161585758575
3.5524451046011456
3.6524078358719203
3.639303769609933
3.6725618746532347
3.595513004670376
3.6835466696386674
3.5194653209455136
3.7231146118317366
3.640365989947128
3.4857321846155633
3.547299826848106
3.5785166794993386
3.699903678620546
3.714033199215539
3.5265845315515425
3.5433707764246525
3.5189478622229076
3.804342425790635
3.433098047652036
3.6733917885497642
3.629078669019739
3.6221504491227385
3.5876530459240574
3.559202807459239
3.665520192424176
3.5088785985814677
3.510738592122975
3.5927116614483237
3.6431275592847356
3.5276613929361837
3.6481484011109973
3.7368823831090854
3.6771501831371736
3.545652489234142
3.633527460086554
3.5118418927795445
3.596860487483484
3.5764759775032826
3.5231703907981116
3.3409163371900332
3.5620262862473493
3.588184400171565
3.611197753431563
3.508317735211303
3.6021667005304225
3.6326814191010963
3.5708582272129967
3.6038550118863815
3.517840748437637
3.724454632623587
3.479942107666688
3.5562816251377325
3.5167055349109733
3.6058149710384306
3.5853107179723738
3.5753218055210785
3.481198713419139
3.5902399675276047
3.5283163474523276
3.5056985832552674
3.6082591305697336
3.454024799041854
3.522389814634457
3.7088521536964687
3.7656177681078056
3.6616054871450974
3.5298234449742476
3.4822825664732386
3.6000382699408466
3.569210987352145
3.7235306927480125
3.5271565962662708
3.5887422562130196
3.5793520856696404
3.6328563407905246
3.439345071780435
3.732297114734343
3.6267901738276747
3.5145271656958887
3.473391945032434
3.4945753901164314
3.6248231773583224
3.4648566716633495
3.565664732254666
3.5740694714322014
3.621899713383849
3.6067513355684055
3.5914037396931424
3.612951194552666
3.584076722287658
3.589377379034096
3.4458006739230727
3.5306047296210914
3.577683582368942
3.53787210650671
3.4393010655890905
3.5695321518855088
3.5806545035471307
3.5104655005008993
3.485605642435873
3.6146212141718967
3.7064935798597087
3.4389136709884913
3.617846177242525
3.5557813151388644
3.505356938649669
3.5790268212372127
3.468567884462053
3.6164494926494557
3.408663825285522
3.638891958743236
3.596958432360087
3.4804195945458773
3.626061873068185
3.552406580530619
3.6889160594279646
3.5855016075554733
3.477589176222232
3.567003859194122
3.653438279806391
3.6109404371774376
3.551429041114234
3.513848995865024
3.3554710707497564
3.6191109015356737
3.5330501111539716
3.4505161033201364
3.3902291243969773
3.4715077218107186
3.2919429661370954
3.2424851345620254
3.2894163522269206
3.406518814922113
3.547542815053834
3.2232957967167652
3.210493300023665
3.3622263158726393
3.188842963110176
3.301935487146342
3.2853021507521
3.210165294053517
3.3466399366036597
3.336835755602184
3.366194709286715
3.2652985459368593
3.535487274109719
3.263662907563328
3.2232596275057115
3.2012037156435253
3.318436295445826
3.338768395490929
3.3672846249408708
3.2751866421849014
3.265649901816801
3.3394781147507824
3.4082396527230263
3.360026046841152
3.323460242896343
3.296592378762096
3.2909351420950568
3.3796450565523593
3.247624068027228
3.3012532370408976
3.265881610146457
3.3378265375560274
3.2334181573258842
3.3500524780390815
3.3156698450494786
3.2305118688697876
3.2148301784979276
3.3177092291972734
3.2977670344983454
3.294180104839931
3.3898403987860877
3.445705548810527
3.250873974217226
3.2928289753378617
3.361777589816993
3.266886492346546
3.417816626024406
3.2713648592869013
3.4134762232464224
3.2448033562392435
3.1430776417278214
3.28516839502958
3.3063991454049866
3.1443504998913183
3.3242728599246205
3.4155149156954474
3.400297347493669
3.350641358108368
3.385793349881382
3.377776203995061
3.2530669613315824
3.292165502828961
3.3782064341002678
3.3359283123726193
3.2509195874792227
3.3229404335047104
3.2824885889088065
3.2177967849535527
3.3109753046006345
3.322545418131014
3.4339840630381917
3.3228637644753496
3.2805562143121363
3.3185317224840065
3.3793340075465523
3.3233839812081087
3.4059945334965573
3.30216220358594
3.1378404888378864
3.2228436873421615
3.3295043006888134
3.3750659438991404
3.319389817698181
3.1651163088610055
3.2993581244457597
3.2527495542092937
3.228832003950865
3.47075004655304
3.370052874012874
3.246609608865863
3.365694406167611
3.215575627849754
3.4292334126499675
3.196383318473056
3.2687637879066127
3.1592682536803487
3.197142983045347
3.3557962519019267
3.3209454384731076
3.344994654032691
3.302234506935795
3.411627653388785
3.4017251724604245
3.2955644499401626
3.1141353933436187
3.3110352486686434
3.40871427235887
3.371265079333293
3.310756622373825
3.3906598668673187
3.361915914824185
3.2246222579967156
3.5169813447479386
3.291256550913377
3.4328909128149014
3.20336460642887
3.313649007687546
3.257709443843274
3.447496603163471
3.3432135195187636
3.2742493912892985
3.306998967779066
3.401728087698513
3.3182494680520978
3.267630346206397
3.4281232678397555
3.4509205915456467
3.225614728677077
3.323030904449655
3.259615984068211
3.2933335566091126
3.2776866258139976
3.341801840651205
3.2589008243327813
3.2320661790094256
3.433345047918713
3.38019476977649
3.2722420897879063
3.19521974242084
3.4434585982539465
3.2128128269440968
3.3742466248353837
3.3725902761846958
3.248160915130079
3.2877105045404136
3.4203260718117514
3.3604263165599537
3.391565697569701
3.2765504819330835
3.2716070230708585
3.4005803191665165
3.23404866114644
3.308556945189304
3.3437922621254432
3.235838246037314
3.2457769346014596
3.375357747000075
3.3471792811312064
3.2260401843620325
3.2616300290859233
3.435588099211231
3.337459567412442
3.419082448951773
3.2851905497918072
3.3238759584304023
3.2703509917790257
3.3998040987155633
3.3361644793097547
3.276578565363957
3.407676253803343
3.1407134480700574
3.3880288151494016
3.258508278585658
3.363443629736853
3.268174603392552
3.3338814054368218
3.448816361280943
3.336412907118448
3.247809746578053
3.4138025730534327
3.1709749144083577
3.2030812725932667
3.17929096652409
3.2950161067640926
3.3156302108182274
3.254501857480509
3.4787902381258946
3.403584122960499
3.3009382283216446
3.278687257963321
3.401470982544292
3.3785346182864986
3.4396578192753107
3.3145883844258863
3.398314723358467
3.3347567965009866
3.221807791806187
3.3088508077823673
3.380363104485756
3.3660353441947084
3.3559701851703596
3.2735689176608465
3.3231852340175014
3.282084576267918
3.2238765957897417
3.3876109388423092
3.416473407464631
3.4504251195601183
3.3080424076534722
3.194322615371383
3.23792251974966
3.3185853985637372
3.2795281546794093
3.2636336386164206
3.2753665876607534
3.308834828835911
3.387882479502473
3.488507633313877
3.410186191324649
3.5085756744179992
3.312822788397278
3.260529835375229
3.4132922138670763
3.3217007870451596
3.4555198044370026
3.272626830863741
3.206318404057514
3.3324251068265887
3.3102692640443006
3.3811967828457172
3.3567639667830877
3.256943122645806
3.2635310635024606
3.354430429747659
3.327947299447703
3.232575709653601
3.3035444851872082
3.4113093814444113
3.322827034978398
3.3803512756538456
3.3355087955480633
3.3344079316106456
3.2135711110965337
3.4527321930060895
3.262417428510204
3.333641725820429
3.4843301354286833
3.1615425969817124
3.296453971386683
3.309842615783919
3.185502104684758
3.282032094816631
3.3220775132014286
3.4246190085886257
3.158354009683796
3.339577312174078
3.3753451422380185
3.3693747043656397
3.3225748247196027
3.3191085795574735
3.3992728072810166
3.4462703210842216
3.269316626483877
3.363454057614781
3.3512677334248577
3.2855308627506985
3.4105643093970293
3.2142843887394004
3.361383423852979
3.3462208355730785
3.4043916586292533
3.400473128625572
3.391901212082274
3.2637756536016416
3.4034803794746167
3.246215788644034
3.376790238197288
3.2651222845171617
3.29465830936129
3.3062733996693634
3.276326292465447
3.344379763958989
3.1442068280271185
3.275947202663998
3.2907357367929766
3.427905189976081
3.395048870779192
3.22129624603256
3.3702738617850314
3.3661843133853244
3.458267657150104
3.305546905603862
3.4185815771638524
3.3647875819951123
3.2324132003260364
3.4018755195998227
3.2521915802377883
3.3985925634447387
3.316022254688527
3.2689236119364953
3.356959476366226
3.2921312199304804
3.4171137362289095
3.3148550580510285
3.2647920494416063
3.239763351155434
3.4309972238074344
3.4753457342969005
3.147876492402133
3.2789121259080947
3.2397625600876294
3.2936939056125105
3.2687256555012514
3.227664840704614
3.2687599685914916
3.233140020874147
3.265315381171752
3.2703535323682416
3.304190432096778
3.3524741646225613
3.2860002740333845
3.4063315076576224
3.458364563048521
3.2420542961325847
3.1839497078474865
3.3660348570359275
3.351068214090515
3.363000263501167
3.4449429693521934
3.257693691154318
3.2262307734518765
3.394359578320823
3.1754563904163673
3.276519333969666
3.425932387087952
3.3911974116355488
3.4545883583218
3.2032284919637197
3.3574153775107987
3.419773803308141
3.447767740869921
3.3195777969253912
3.3891290721756087
3.2646478917494592
3.2771438793603327
3.2403734703512077
3.4094133664059183
3.3651076207162736
3.1760645990619487
3.2693917574489864
3.3711292244704087
3.302057390276602
3.385847028028151
3.2071236305656963
3.278523013643848
3.3500105325017313
3.2068550331995893
3.4489218884594486
3.392551612114846
3.3015290600107585
3.2083289721819908
3.306376691120525
3.3349610949568933
3.258747231837641
3.322188733881021
3.4312165898670957
3.5504431833857226
3.3633224147545855
3.2862546840542115
3.219075420675789
3.3160624281011994
3.2037070412150355
3.378252090219602
3.357374851734625
3.2067657102604827
3.279738517277896
3.4868548860554656
3.349258812374852
3.3281137547781685
3.3442082139745986
3.1864948751552573
3.1922914471594193
3.21051843063676
3.2670184251932364
3.447626744871435
3.3474555249702806
3.3890323994350293
3.3557999032713313
3.2751912950708078
3.169077094903725
3.3621454794871415
3.2804435665358596
3.2184151645322108
3.334026068981221
3.303238164757936
3.2441435116264183
3.29180245173651
3.2633840380193933
3.338955116499829
3.3608025776804498
3.3555973818877782
3.421908573989691
3.274782514808686
3.340760237998203
3.1989912876081683
3.3655059395467606
3.2698060688766715
3.3843236940683825
3.410944462632581
3.2567078834362593
3.3229264806129404
3.1929638063970542
3.328870340633965
3.448233202926993
3.2380476972551464
3.2259839547250446
3.3947926731569367
3.295446825506435
3.125217818393382
3.3965314571787535
3.284291762570101
3.4751875317653838
3.2837004610337677
3.153831332565023
3.30077924368921
3.2706083945165347
3.314830629623914
3.4037755458781724
3.376913234547304
3.4334145625429584
3.3082771253435355
3.3504693891989126
3.1834754020956293
3.380465629678751
3.3126732160903343
3.5473715558439345
3.253066016962117
3.3113898665829926
3.388154491254485
3.2633672136476575
3.39157356536373
3.225837004752811
3.421099720562405
3.3561535294004274
3.2281796662596314
3.293354184855945
3.303728732628428
3.221955874899329
3.3824046489394046
3.308546828981392
3.477353004599374
3.327919358539668
3.2821556820189492
3.261846572770852
3.307615055780677
3.2465881654921613
3.1517549220259515
3.251104540383027
3.4683749361264113
3.2916182670074754
3.4102204347233243
3.2345177504203573
3.283556664886074
3.3204641122131444
3.4231595134144714
3.201516528795981
3.1711980019912804
3.2735510595071586
3.3269869808779187
3.3790606310043914
3.2004351918867178
3.3774527415970343
3.426963571073845
3.3285180401419767
3.2891851513213544
3.310704349667825
3.160792421422709
3.423247636379514
3.342225858228521
3.244535729477795
3.3269884471906868
3.3260285453232887
3.23780022346711
3.3253273051645764
3.237316587538741
3.2223529654305416
3.278870325431431
3.4074511872790323
3.335361451192366
3.263480750834201
3.1931655473694827
3.2323756892068967
3.2124153679872336
3.1803750954144023
3.2697472358372557
3.4458683888070714
3.341403822465419
3.3673522074008115
3.3263935375571214
3.2827943424267865
3.263802014332794
3.347540642082172
3.3291342860581947
3.2662275975008686
3.2816988332438863
3.3466366142510533
3.1674512110663273
3.2498980065218603
3.3089696568979377
3.139226604425047
3.247257737496259
3.3564937296855515
3.226772892184313
3.3956058576201826
3.2959781960498127
3.256150289935296
3.3442087670592233
3.320122487338797
3.3905427576504463
3.290384443725169
3.3546743898944724
3.4145139083907434
3.400050218608348
3.2884297992693523
3.1268061650654704
3.1554047260678173
3.4273352875405525
3.1663615432638794
3.267234291695919
3.4647621175611136
3.334356385210723
3.3537844972326507
3.3520385767146457
3.2215244113189057
3.2891935342515177
3.3249489382513344
3.259453978981216
3.2470514336553533
3.3983718106949055
3.25972206219203
3.316626655946227
3.2312077181469747
3.1329667208988816
3.320551006487225
3.4308719608884712
3.2258425854382677
3.302234203829833
3.353467606343469
3.3150465255222277
3.283444871449199
3.229025929183269
3.5095224027769127
3.0688044697955323
3.1110874210721153
3.186611563605714
3.2257013725849744
3.310451405879212
3.3216771664939535
3.449834794062488
3.1898919984465466
3.1436532884207673
3.421591288241855
3.1593582560203273
3.3542858550932033
3.1987756657670166
3.346512631808091
3.2517914573950897
3.338212731564504
3.266350175279801
3.261218679620476
3.3298727504423162
3.330498262763429
3.1648414739498656
3.233508412955933
3.4099265256011733
3.2702905065753494
3.248837299225873
3.1688900619449027
3.2498048441622602
3.1667140000164964
3.3696166063659674
3.3146464244639744
3.3403409720851234
3.3467726236274022
3.2425503191210696
3.271786503727572
3.3406330176204784
3.3972863189196194
3.273170789497418
3.3319852734209956
3.4476592167898956
3.101293565890397
3.4193312839992362
3.2382331575066674
3.3220928549505895
3.3418087287161105
3.281916249970948
3.232964230746904
3.3227625106208483
3.269322191816369
3.2522070065715654
3.300844869255113
3.1743843370978744
3.248095939854553
3.334227430846065
3.36681473424909
3.2364830968496183
3.2012505328074217
3.3484978443597146
3.3919055542475958
3.260234908883601
3.4742352104474095
3.3863481185118274
3.3960790315213063
3.38685374656807
3.332483227911063
3.2878988958660464
3.3299159459802063
3.5176124163188733
3.3037783213529055
3.3157393255426566
3.228121499268605
3.2460510829305496
3.3891455502298893
3.44258526714016
3.2913053779841515
3.257582534856873
3.2342064989481236
3.0859136315038995
3.0945146565597783
3.0736055751063005
2.962598477253548
3.1598678180379443
2.9962808254772266
3.0534839601244466
3.0626857734884134
3.0379800224934086
2.9934919237238318
2.974581154853314
3.051440289872715
2.8965974073229304
2.9659118639155673
3.024137138038752
3.0686880387710915
3.075059508245298
2.931111111291035
3.0054306266681645
3.0658590434009403
3.0576416127694643
3.162335947097568
3.0020256073671514
2.823142782857573
3.1421545687156134
3.0199148404352574
3.0891474616002483
3.1210736562739845
3.0495475767205926
2.9964146668918556
3.02197641130253
2.976554443112927
2.9676384183792264
3.0247878962600065
3.088518451590164
3.018407161259591
3.102198574313186
3.1120750171772715
2.9884175324347306
3.291818686913965
3.0228631434959516
3.167988536838376
3.115241266792984
3.1465803048308647
2.9657193991004727
3.0675577598875883
3.1189716337779148
3.0681614451379806
3.070297876135212
3.055447708716572
3.198550545152035
2.927880128755011
3.1062290480217354
3.0328569844549844
3.0749504232969174
3.0290245085334333
3.1954677229050255
3.096991637993314
3.094351835040645
2.939711829148363
3.0534366107930397
3.017503833640741
3.1743078299375957
2.9606664627687653
3.2250378998005904
3.1320961954413
2.9516000532653717
2.911892273293253
2.9955194911933796
3.2107295028873746
2.9851596376060563
3.032325970537919
3.039513715855583
3.073703928320772
2.9339326492982916
3.039079581420734
3.0455616512941255
3.0110687398060816
3.1106974423911105
3.071915162327213
3.09341288061093
3.0248448969873203
3.0279602213623913
3.032514360650791
3.1316804989389526
3.016474661548739
3.0375710917873415
3.0618154102867563
3.0527591320183927
3.026233063546945
3.060536395809543
3.0794776626243543
3.121453017100344
3.0820822065301092
3.1285557921850007
3.024614071572708
3.0353317722681994
3.2373707054078933
3.0866005607571747
3.0010770722895552
3.037280345072184
3.098330559579799
3.099575580684481
3.0401089259157117
3.030982897770644
3.0290916660564857
3.1284907792226324
2.9754549503909002
3.0333296530721343
3.0091981632184543
2.99357660982857
3.1682013322654403
3.084720902769525
3.107518900320132
3.0635811019117383
3.0252054207499635
3.132901108532268
3.073663710687731
3.061032377913669
3.0204197666084927
3.166685148113958
3.0284632884217824
3.0835654306483304
3.0485117200333836
3.0287789684723974
3.076036003369075
3.092191936569817
3.200747319547949
3.0109884109582
2.912784460643279
3.0311293439744293
3.0348654691900605
3.1614541907365012
3.036427764093389
3.035512304561369
2.982358746828825
3.079552338584772
3.1134256090504597
3.100520463296089
2.994119743469749
3.0687292101421235
3.100561012391414
2.960453814438377
3.0478262543774473
3.0699433878017506
3.1476647330631784
3.2953696322059067
3.234748585032653
3.0738250365438247
2.9797317578408253
3.2974610005456078
3.1404657453761264
3.1036868146341487
3.2857068928654787
3.1507060334654
3.212026315285287
3.303807942804661
3.1808619793196145
3.141170884918499
3.1060890412308506
3.1607835854137805
3.2290718900544806
2.9038038139507374
3.166416725884778
3.121397577593914
3.118027600565333
3.0839940073131458
3.0799235105903233
3.1634942648780826
3.1018434114258158
3.014930086002776
3.0174980550219215
3.0222240814043437
3.1509870467624603
3.0634336440379313
3.219428041841025
3.1554198159784073
3.149663564308398
3.0755400016369334
3.1274647072192234
2.9445260519699428
3.123616813720513
3.087372774108745
3.0080834756169015
3.257734922306514
2.997281810164322
3.124064015654586
3.0847274532776408
3.0475221236140073
3.137536053718227
3.1561342083032353
3.157399201354105
3.076204653089803
3.033561211816847
3.048604333696631
3.0696625500133554
3.0852278728314477
3.160931333154384
3.1662188858116735
3.2065758445355232
2.9778446325233925
3.106083894924294
3.0472045717524447
3.1411266397700626
3.1256409588033525
2.928571259315888
2.9604818525992327
3.1644855462393036
3.1990589522633366
3.0024990835452625
3.0497425715616533
3.095756689378756
3.035463187822708
2.989814723220489
3.1913610177942546
2.9666630220697026
3.2089374735601073
3.073235097168121
3.181457581027559
3.057641685580234
3.013465545026575
3.13290312150699
2.9856825569775016
3.160659181223613
3.1500693931968278
2.998251226718426
3.013780456650829
3.198175675363909
3.038214468707192
3.177062948079776
3.1453899126044957
3.1338089966386087
3.196848696245202
3.2078082286631315
3.148025171344488
3.1315815461431344
2.9888897643635386
3.205206365643381
3.0903248739194304
3.1288132588800255
3.179731167621574
3.0729727026729
3.091724766342694
3.1371878581727217
2.972208140729671
2.970644775266121
3.081470684915571
3.099371510924302
3.1013674084033953
3.038997722936237
2.931719422740249
3.1780817885678165
3.251676463076525
3.17120963256422
3.022296926306349
3.107723073409815
3.0573513854541754
3.111613402705125
3.073570754242565
3.2532955380030457
3.232169107449522
3.1489379557468182
3.186475367904153
2.9899899198503106
3.07041951994247
2.976264257703225
3.0408363852970677
3.081860228128607
3.073606438797958
3.1083286984611633
3.199369152108328
3.094817598115988
3.1775557043403166
3.276295728869601
2.9610591317587645
2.9794068912057066
2.918806606519483
3.237987892336574
2.986196642224465
3.193296921722327
3.1292623850091656
3.0705295813295526
3.0768024701206906
3.1593472843103685
3.0100825292661555
3.1348743971135367
3.1328554462191556
3.0947556038164445
3.0955227425656875
3.2151926540002664
3.0595541342887804
3.1760393491650505
3.1281066120586503
2.9968341118125865
3.0666373946615963
2.96377456464465
3.123118927099565
2.969911995600116
3.1335278639420068
3.0316303719518127
3.111528716632351
3.077072405901216
3.1294594211900604
3.178185541236668
3.032145107652284
3.135938621955121
2.8873095361504695
3.0804905552038337
3.232927302284076
3.083758179064996
3.032630712543352
3.2210184072803503
3.1074545321134774
3.0712044732419175
3.1024979887940662
3.0886879213368506
3.0572338207949765
3.162962798961177
3.1336575984009287
3.1443351906458075
3.23334867583087
3.098273841016694
3.0524953954380494
3.0868250686504064
3.1100743811980807
3.1531324736730943
3.192607219980652
3.1657654568076947
3.0221937195916775
3.1298718906333267
3.2016688281210612
3.047326200046569
3.0751780533025816
3.2223186848404195
3.324243178396174
3.120034721783879
3.081852124861491
3.0551694056040177
3.1684387104800793
3.0946533725428655
3.230030236696882
3.1246502578527418
3.1162437052768426
3.1936248158637914
3.133317115534028
3.218423178088861
3.048807242718731
3.191167245175651
3.127653225581497
3.0867915889977344
3.0747494690184753
3.1111929961088474
3.2428867145571014
3.1259512958856392
3.278524300685183
3.074584267947986
3.0894735281194348
3.2376465327220085
3.3235176893298406
3.03538973869981
3.071535658584354
3.2190069730874127
3.104801161863084
3.1349948250182007
3.14070324694601
3.0450085409341443
3.025494946221467
3.305789644862146
3.2095544822857884
3.085963397974618
3.102462865983778
3.1936657869957474
3.199039208695112
3.1724101433515006
3.045046156752447
3.018924817741252
3.137585477677393
3.1047436087469396
3.126253601602345
3.149659477303057
3.0104282612256066
3.1376415228656422
3.1630575929893596
3.2606074862374457
3.0306008532102795
3.0832950361390754
3.034237197212073
3.1619195989787827
3.0841688368104236
3.1932746705504895
3.0348427743664534
3.067843985657843
3.1584166762071373
3.312929802780315
3.0391407746686054
3.2121067483588712
3.244917511082136
3.107265819398086
3.190286264318014
3.318688772302989
3.116090673189225
3.0904733760664955
3.0714976471423894
3.1326128482422546
3.0290617784425335
3.157280907639741
3.1517182506720554
3.071713272090852
3.192574768445583
3.050448414021145
3.186707110607503
3.170072193893003
3.1149920107338005
3.1590309611614065
2.9829845316165673
3.2236974744223432
3.255853900294943
3.2326319587869636
3.0962611794443817
3.2498338473464385
3.0887479668718383
3.189651811250239
3.0824426315337554
3.1488811862500734
3.1418574960677286
3.1148207073895886
3.2877253094274232
3.1342515802327715
3.0739335784888366
3.0299460125333155
3.117625108980026
3.1301181806783434
3.1799653597279733
3.1753297323156446
3.1888776354035984
3.1800533664582327
3.1228131011376825
3.1544006285527875
3.128816175943482
3.081470614031332
3.1965751880311166
3.198379940527064
3.1813468725006886
2.9630641946796517
3.2012098861443117
3.1908037301866155
3.0969147011083065
3.1376558283309315
3.276375645214143
3.175280054389861
3.1894775180901753
3.288902681884596
3.300586089325448
3.0498325732531764
3.017869392342589
3.0023566102383272
3.32122300910832
3.076321225283932
3.106445359676108
3.1139877830960154
3.118521475707801
3.142615497784148
3.1629673528096474
3.1328073193480934
3.211239962515774
3.1392123521179065
3.2139160030939733
3.2343634507037042
3.092824223068384
3.097205265813746
3.19659818948935
2.992784792916894
3.0231674262424097
2.981854946395582
3.1424661194048547
3.004939053412445
3.177122463022186
3.118520893900386
3.2263386026668077
3.1473382438967197
3.13858526738922
3.121136205230237
3.0730305279477284
3.2470941614182123
3.0306393882173546
3.2131501954276858
3.1817739566515137
3.1375043421185835
3.1958568763655957
3.132262404316407
3.0989245926291
3.0783392106931338
3.226420791416958
3.1399761359868292
3.3395128255210778
3.052331023317206
3.2670649654979256
3.08074381620672
3.217150716371437
3.078656641635597
3.1093260571585652
3.2796751385313416
3.0280393685786646
3.104331596987951
3.2383855444351446
3.1345634521056978
3.083857877286493
3.2500078772656953
3.0613037215481103
3.210420658781163
3.321311957569778
3.2224025434724206
3.087550519714382
2.995338800136252
3.1291515314106904
3.2597368345859143
3.00755012820543
3.289748308933775
3.1321137260487966
3.1940742075899062
3.246950130282259
3.112104301099998
3.201991567644462
3.185790839466654
3.252634527842074
3.2116131628063482
3.10578160676749
3.284938571286739
2.9909051294421243
3.2369688104862337
3.2814740564950373
3.147579937612002
3.133693808992293
3.1921150926726307
3.026112562214484
3.202952538478355
3.180767970329715
3.0937941280252437
3.210197691200413
3.1681003477018055
3.015312274803427
3.2352596298640566
3.0349213674546416
3.1272744256498193
3.088517083841384
3.258843149807733
3.0723110679102406
3.2377452144003445
3.114743466590437
3.19352099785411
3.2565490998277675
3.2709314459859287
3.096126514350348
3.1008465712558757
3.186117375192619
3.1486686311521948
3.3154063835261383
3.382178340168866
3.2188819783191054
3.1726983988651103
3.01571184252634
3.327681980462479
3.2059195219838528
3.0646685862168237
2.9397257701452952
3.2266096350626214
3.143666611791982
3.1297400377013083
3.0750655230195814
3.1972814217401844
3.1132583885219005
3.2248693244107494
3.0857395265207557
3.247113233890991
3.382631822108864
3.095111687982234
3.067064033961815
3.0098954746710422
3.04171785206044
2.9696333424131875
2.9772173736281458
3.2388809843525435
2.99911913318284
3.157707009198634
3.084278604993748
3.1554080483735643
3.1758972686869327
3.0637016314117846
3.2224424516397794
3.112503310835241
3.109934220884783
3.2232303439158256
3.219886578365589
3.159911790963686
3.1747837995133885
3.2311111396169387
3.182016640357016
3.195991812084792
3.2012407467317865
3.181807860094986
3.254393531165422
3.11417877593648
3.249877460350871
3.122226323347349
3.1329683725228183
3.097738826284267
3.0683368605457555
3.143210035402872
3.360059243173664
3.2055266678182357
3.1772590743105513
3.163708332437613
2.983146602575144
2.9859938425633086
3.260709889539639
3.1979828484163413
3.1547563857089744
3.1794924283464026
3.097357370705083
3.070069551915942
3.152072812345787
2.9860089326121324
3.13664657968402
2.8972213950152166
3.1781517665185945
3.087194453597848
3.1186135607473933
3.1025968404478594
3.2191450399545722
3.0595125125071325
3.1132464014541386
3.150228281705129
3.096724978821691
3.2531917816187557
3.1874841323065524
3.0967881264217763
3.1673638074762818
3.08721255684039
3.1515846042781006
3.1349293263763744
