8.491382853190105
7.293850708007812
6.444774881998698
6.576312255859375
6.643270874023438
6.002992248535156
5.807535807291667
5.913773600260416
5.8751683553059895
5.789386494954427
5.761493937174479
5.608907572428385
5.490560913085938
5.484031677246094
5.485934448242188
5.469725545247396
5.420147705078125
5.5015619913736975
5.092034912109375
5.318034362792969
5.5476231892903645
4.996866861979167
4.975735982259114
5.195453389485677
5.169649759928386
5.224344380696615
5.264546203613281
5.224137369791666
4.862609354654948
5.175065104166666
4.828255716959635
4.794136047363281
5.064933268229167
4.774186706542968
4.68955332438151
5.0732167561848955
4.839423624674479
4.803447469075521
5.110093688964843
4.829181925455729
4.705485026041667
5.19477284749349
5.03594970703125
4.744932556152344
4.758927408854166
5.030032857259115
4.655762736002604
4.7124791463216145
4.597384134928386
4.610371398925781
4.723527526855468
5.0048370361328125
5.03728281656901
4.57563222249349
4.638823954264323
4.996382649739584
4.9817454020182295
4.613101196289063
4.9719797770182295
5.005983479817709
4.606631469726563
4.95444081624349
5.075738525390625
4.990405782063802
4.570308939615885
4.604780578613282
4.613131205240886
4.909209696451823
4.544997151692709
4.526632181803385
4.532284545898437
4.499708557128907
4.5300145467122395
4.83564198811849
4.9032953898111975
4.4724268595377605
4.893006388346354
4.487702941894531
4.912406412760417
4.858049519856771
4.839843241373698
4.4177978515625
4.87905527750651
4.8885960896809895
4.463041178385416
4.464215596516927
4.897794596354166
4.457270812988281
4.867923990885417
4.516939798990886
4.433683776855469
4.8150385538736975
4.805625406901042
4.416324361165365
4.404853820800781
4.804566955566406
4.759581502278646
4.812697347005209
4.408174641927084
4.343960571289062
4.387755839029948
4.758148193359375
4.365887959798177
4.8420166015625
4.369140116373698
4.722931925455729
4.8344573974609375
4.8196868896484375
4.358389790852865
4.366778564453125
4.727440388997396
4.7698827107747395
4.328071594238281
4.832591756184896
4.351144409179687
4.76679433186849
4.83702392578125
4.748700459798177
4.306338500976563
4.305185953776042
4.723808797200521
4.765423075358073
4.733857727050781
4.298515319824219
4.285035705566406
4.686590576171875
4.6881591796875
4.685892740885417
4.305124918619792
4.29718017578125
4.258037567138672
4.241890462239583
4.70732421875
4.710677083333334
4.677336629231771
4.280865987141927
4.668924967447917
4.667074076334635
4.67534434000651
4.261930338541666
4.7320098876953125
4.221548716227214
4.798783874511718
4.210411071777344
4.720048522949218
4.679548645019532
4.190564727783203
4.675116984049479
4.179716491699219
4.697872416178385
4.16771723429362
4.201181284586588
4.206703440348307
4.684440612792969
4.185833994547526
4.242043304443359
4.6664586385091145
4.1857653299967446
4.191358184814453
4.666287231445312
4.202802022298177
4.158650970458984
4.684501647949219
4.660387166341146
4.672902425130208
4.162118784586588
4.731166076660156
4.143528238932292
4.664751180013021
4.707617696126302
4.1455238342285154
4.726267496744792
4.159236907958984
4.672147115071614
4.155810546875
4.157453918457032
4.145918782552084
4.707403564453125
4.121042124430338
4.164200846354166
4.14411366780599
4.6122894287109375
4.112361399332682
4.692913309733073
4.131954956054687
4.115771484375
4.140271504720052
4.683545939127604
4.69901377360026
4.666225179036458
4.113442230224609
4.654515075683594
4.138323465983073
4.169095611572265
4.712410990397135
4.148761494954427
4.138787587483724
4.129778544108073
4.0903373718261715
4.679308064778646
4.11386464436849
4.640899149576823
4.664135233561198
4.57755381266276
4.0753428141276045
4.104795328776041
4.660111999511718
4.089983113606771
4.6742396036783855
4.086965688069662
8.010434105282737
6.304803030831473
5.753275553385417
5.846939813523066
5.613185700916109
5.270517985026042
4.8464711507161455
5.1051824660528276
4.758365086146763
4.701137361072359
4.74481927780878
4.933617001488095
4.809943062918527
4.4218157813662575
4.176574343726749
4.155185881115141
4.145402454194569
4.52723148890904
4.399506705147879
4.034663609095982
4.104225885300409
4.397081284295945
4.448092869349888
4.095622834705171
4.07151612781343
4.382428850446429
4.003707522437686
3.9857650030226934
4.010259719122024
4.372449965704055
3.9820018949962797
3.9489629836309526
3.9347621372767856
3.943582080659412
4.340892610095796
4.347930544898624
4.3721734909784224
3.8944244384765625
3.923853556315104
3.8420057750883556
3.878745669410342
3.842961629231771
3.814269292922247
4.259988693963914
4.26070549374535
3.8341907319568453
3.8100048246837797
3.796706063406808
4.250372387114025
3.8297827584402904
3.834237598237537
4.306569054013207
4.260746183849516
4.245262509300595
3.80781736828032
3.780960446312314
4.276742481050038
4.279178074428013
4.2317384992327005
3.775421142578125
3.7606927780877974
3.775648207891555
4.278923034667969
3.694225856236049
3.6903846377418157
3.684707278297061
3.669553484235491
3.685896737234933
4.2976194109235495
3.72201901390439
4.214493161156064
3.6942810785202753
3.630519321986607
4.323746090843564
4.190668378557477
3.5660647437686013
3.5769166492280506
3.6048296973818825
3.5834652128673734
4.17479742140997
3.576203119187128
4.26717776343936
4.224493480864025
4.254653204055059
3.5457774571010043
4.24271974109468
3.4976966494605657
3.5193899245489213
4.188583737327939
4.228510175432477
4.107005528041294
4.130841209774926
3.4029366629464284
4.103518894740513
3.3954053606305803
4.102308727446056
3.3931503295898438
3.343572344098772
3.369963873000372
4.077399117606027
3.403107416062128
4.048764910016741
4.139157249813988
3.3292210896809897
4.148143586658296
3.364405314127604
3.3413685389927457
4.048340570359003
4.084302993047805
4.133944920131138
3.29092043922061
3.990127926781064
3.2556134178524925
3.276757013230097
3.264141627720424
3.3025418236142112
4.125698634556362
3.3117868332635787
4.099632263183594
4.132772899809337
4.088879539853051
4.1095395769391745
4.164031255812872
4.11420658656529
3.2885872977120534
4.194848196847098
3.2628682454427085
3.2578219459170388
3.238110133579799
4.0430316016787575
3.1981938680013022
3.2306140718005953
3.242740449451265
3.240776788620722
3.2217857724144343
4.091837565104167
4.016144525437128
4.057557242257254
3.224826994396391
4.095214480445499
4.100425720214844
4.06814938499814
3.1982799711681547
3.2290794735863093
3.2597783406575522
3.232792445591518
4.061188834054129
3.2556264968145463
3.20730227515811
3.2303248814174106
4.043350946335566
3.1716555640811013
4.05841064453125
3.201482500348772
3.1778553553989957
3.1849437895275297
4.089347476050968
3.243905566987537
4.139937264578683
4.126850309826079
3.201288859049479
4.100223722912016
3.198550996326265
3.211987086704799
3.239068167550223
4.079823811848958
3.9985951014927457
3.170517331077939
3.215293520972842
3.1970345633370534
3.212772551037016
3.2059119088309154
3.2140030633835566
4.113798958914621
4.078567141578311
4.119693937755766
3.1644515991210938
4.178312029157366
4.162028721400669
3.1862767537434897
3.2310307820638022
3.1849779401506697
3.2032361711774553
4.107981363932292
4.137876964750744
3.240590050106957
4.126725696382069
4.061614263625372
4.073682875860305
4.111863272530692
4.060165041968936
4.054512023925781
3.16928463890439
3.1846593221028647
4.003323509579613
3.184373038155692
4.091511317661831
4.111563183012462
4.092607770647321
4.038697015671503
3.232103256952195
4.133434114002046
3.1850498744419644
3.1821401686895463
3.180720011393229
3.1865310668945312
3.189788091750372
3.1951766241164434
4.071919759114583
3.1333131336030506
3.1810171944754466
3.128597441173735
3.1247671218145463
3.1677340552920388
4.1435292561848955
4.109416053408668
4.043072655087426
3.1583277384440103
4.095338003976004
3.127944582984561
3.12142581031436
3.138920375279018
4.040239606584821
4.046819777715774
4.042360578264509
4.081489926292782
3.1533475603376115
4.031898135230655
3.1540814354306175
3.128517514183408
3.1063250587100075
3.097029549734933
3.1458987281436013
4.004525684175038
3.108550298781622
4.0672556559244795
4.062313988095238
3.1159962245396207
3.115714663550967
3.115158444359189
3.114337376185826
4.10755375453404
4.023844764346168
4.055355980282738
4.022446405319941
3.1385498046875
3.1044642130533853
4.005540756952195
3.07021731422061
4.021381923130581
4.006829761323475
3.9818347749255953
3.093227204822359
3.0873489379882812
3.9654737200055803
3.071846371605283
4.007589794340587
3.9585669381277904
3.098402840750558
3.9698849632626487
3.978642781575521
3.0865696498325894
3.0935360136486234
4.01437741234189
4.010201590401786
3.0953601655505953
3.0793035598028276
3.0911145891462053
3.0819269816080728
3.9974793933686756
3.9962336222330728
3.983699616931734
3.99702635265532
3.059944516136533
3.9915259225027904
3.0908526466006325
3.8770225161597844
3.987059820265997
3.91500491187686
3.0512869698660716
3.0743313743954612
3.0743233816964284
3.9146681286039806
3.061549958728609
3.037897382463728
3.0367342631022134
3.933624267578125
3.9482174827938987
3.9684390113467263
3.8993773687453497
3.1014280773344494
3.115199861072359
3.916783650716146
3.986034938267299
3.084643772670201
4.014405750093006
3.0835189819335938
3.1314559209914434
3.060717991420201
3.0703746250697543
3.970257350376674
3.060499282110305
3.9537001110258556
3.9953609648204984
3.945881798153832
3.1002684093656994
3.1147973196847096
3.9180330548967635
3.071745372953869
3.0628175281343006
3.092464265369234
3.0414021809895835
3.111029852004278
4.005654471261161
3.086543491908482
3.891535441080729
3.9704041253952753
3.8660325549897694
3.077115740094866
4.027083260672433
3.063715253557478
3.993528820219494
3.9322931198846724
3.0804348900204612
3.042064666748047
3.0546388171968006
3.097896757579985
3.142449515206473
3.1036805652436756
3.1118647257486978
3.073239281063988
3.082401093982515
3.08870115734282
3.0907411121186756
4.007179260253906
3.9935426257905506
3.043077196393694
3.0924569992792037
3.0702696300688244
3.903072175525484
3.9406556628999256
3.0244894481840587
3.9199607485816594
2.9892710731143044
3.0719629923502603
3.0184809366861978
3.019209180559431
3.0490780784970237
3.938387916201637
3.8779612949916293
3.9083135695684526
3.913084484281994
3.9254302978515625
3.0473630995977494
3.8641829717726934
3.8642785208565846
3.0519481840587797
3.915347144717262
3.0735306512741816
3.0572767711821056
3.926588875906808
3.042689187186105
3.014508020310175
3.043902260916574
3.0314298357282365
3.030534471784319
3.0308670770554316
3.0206970941452753
3.9629058837890625
3.9155077253069197
2.9631235031854537
2.9943289983840216
3.953245617094494
3.9178099859328497
3.8579483032226562
3.039822533017113
3.015282403855097
3.926661900111607
3.872612726120722
2.9470937819707963
2.9721801394508
3.9057726178850447
3.8926874796549478
3.0153310866582963
3.872695559547061
3.0127984909784224
2.971976325625465
3.8602167765299478
3.9148832048688615
3.021220252627418
3.0016087123325894
3.8929134550548734
3.014970506940569
3.020739055815197
2.9848229544503346
2.9827317737397694
2.9793570382254466
3.8542847406296503
3.0447360447474887
2.983280363537016
3.9163404192243303
2.9881944202241444
3.8661793300083707
3.8702603294735862
2.964043390183222
3.8831289382207963
2.9582543146042597
2.946767352876209
2.9911709740048362
3.9235327584402904
2.9680593581426713
3.8422324770972844
2.9526901245117188
2.937147231329055
2.932319822765532
2.9706231980096724
2.9791581290108815
3.85075196765718
3.840287344796317
3.850612458728609
3.78098878406343
2.9773957388741628
2.9235807146344865
2.938268389020647
2.962499527704148
2.967877887544178
2.978191920689174
3.8451345534551713
2.911407470703125
2.945913768949963
3.80745115734282
2.8851411002022878
3.727906000046503
3.7227012997581843
3.7297991798037575
3.7332400367373513
3.8261282784598216
3.809819539388021
2.965551103864397
2.9849920726957775
3.7929215204148066
2.9751754034133184
3.8107848394484747
2.900472186860584
2.909275781540644
3.7945629301525297
2.9375592186337425
3.803572518484933
2.9729923066638766
3.893216814313616
3.8358001708984375
2.980238051641555
3.8315596807570684
2.9505618867420016
3.851984659830729
3.841300601050967
3.859168279738653
2.9452233087448847
3.876572018577939
3.80953616187686
2.9274197533017112
3.788563682919457
3.7874232700892856
3.782460167294457
3.7869295392717635
2.915442693801153
2.8909329005650113
3.779259817940848
2.9046469188871837
2.9237698146275113
2.92382322038923
3.7648373558407737
3.778440929594494
2.962544395810082
3.8973159790039062
2.9321576073056175
2.9536510649181547
2.9224640982491628
2.94291014898391
3.8148919968377974
2.9515491667247953
3.835873558407738
2.962750571114676
3.9090514410109747
2.9888694399879094
3.8481448945545016
2.9777673993791853
2.963312784830729
2.940871829078311
3.7857833135695684
2.9554815746489025
2.9714033944266185
2.942297617594401
3.8008731660388766
3.8080306280226934
3.8217740740094865
3.878281002952939
2.964340573265439
3.0209239778064547
3.0247308640252974
2.97298831031436
3.0119772411528087
3.8421939668201266
3.7962344941638766
3.7946639288039434
2.936133066813151
3.7854283650716147
3.0175893874395463
3.8218899681454612
3.853118896484375
3.828628903343564
3.821507045200893
2.9768921988351003
2.9571189880371094
2.9761744907924106
3.7675577799479165
2.9463424682617188
3.809508550734747
3.8405674525669644
2.976118905203683
3.8327099028087797
3.781863984607515
3.8416250319707963
3.0506155831473216
3.872618902297247
3.007286798386347
3.852319989885603
2.975355239141555
3.048249017624628
3.8456148420061385
2.9237738109770275
2.99626468476795
2.9834131513323103
2.980560847691127
2.9352200826009116
3.781307402111235
3.834287370954241
2.9920054844447543
2.9043951488676525
2.964053926013765
2.905349549793062
3.75862303234282
2.9721957615443637
3.8240548996698287
2.9086447216215587
3.7452730451311385
2.9432772681826638
3.865555899483817
2.920348394484747
2.95026851835705
3.8392664591471353
2.950762612479074
3.7707297915504094
3.7380454653785344
2.9214370364234563
2.9468251182919456
3.0140288216727122
3.745009286063058
3.7737048921130953
2.9251487368629094
3.6903199695405506
2.876105717250279
2.9435203188941594
2.915147508893694
2.932236989339193
2.9278996785481772
2.9321795872279575
3.752752031598772
2.9296468098958335
2.936074756440662
2.9540806724911643
2.9223140534900485
3.7267089117140997
2.908055078415644
3.731696355910528
2.9497573489234563
2.9592862810407365
2.947751908075242
3.7299851917085194
2.942655290876116
3.782561529250372
3.706278846377418
3.6866327921549478
2.996965862455822
2.9415501185825894
3.7296251569475447
2.9610214233398438
2.908162616548084
3.6399743216378346
3.7441587902250744
2.913330804734003
3.7446666899181547
2.958501724969773
2.9088436308361234
3.65969485328311
3.780083429245722
3.7075682140531994
3.683636256626674
3.7026363554454984
3.769302004859561
2.9419317699614025
2.9410082499186196
3.6842440650576638
3.666193280901228
3.653780255998884
3.6820271809895835
3.636072794596354
3.7052445184616816
2.9556172688802085
3.584875924246652
2.943426041376023
3.6554187593005953
3.6981099446614585
2.978740692138672
3.768385024297805
2.965934571765718
2.942230224609375
2.9776805696033297
2.9807546706426713
2.952863239106678
3.6941539219447543
2.954755328950428
3.6941539219447543
2.9450601850237166
3.6647342500232516
2.976486387706938
2.9787586757114957
3.6845848446800593
3.78866213843936
2.9225082397460938
3.8242910475957963
3.774314517066592
2.9073037647065663
3.8249083019438244
2.9261966886974515
2.9627456665039062
3.7423938569568453
3.8300643194289434
2.968872796921503
3.7777103242420016
2.9523475283668157
3.838036310105097
2.879274640764509
2.951014382498605
2.906099591936384
3.7476018269856772
2.943934667678106
3.7444261823381697
2.934251512799944
8.114961170014881
6.197969709123884
5.606888180687314
5.085335141136532
5.198173522949219
4.988368806384859
4.958603995186942
4.713297889346168
4.785384041922433
4.75536382765997
4.6043072655087425
4.315750848679316
4.352564857119606
4.350400652204241
4.280602228073847
4.305905296688988
4.142019362676711
4.351052783784413
4.414798554920015
4.437303452264695
4.085105169387091
4.018497648693266
4.0191156296502974
4.330102829706101
4.359774271647136
3.9368126278831843
3.963810148693266
3.970809573218936
3.997377668108259
3.961457025437128
3.927479698544457
3.953540257045201
4.295473371233259
4.314202081589472
3.9627213251023066
3.9703852335611978
3.9209493001302085
4.352183750697544
4.347429547991071
4.277267092750186
3.955465770903088
3.935042245047433
4.303981599353609
4.391270592099144
4.308563959030878
4.3677488054547995
3.931584676106771
4.374739873976934
4.4059430076962425
3.8720020112537203
4.381951831635975
4.297918410528274
4.3174253191266745
4.340514773414249
3.8275146484375
4.338125319707961
3.8316247122628346
4.365764436267671
4.310179210844494
4.333297366187686
3.8748165312267484
4.3164215087890625
3.8109119960239957
3.851270766485305
4.337038312639509
4.310079665411086
4.2344549269903276
3.777057102748326
4.216058276948475
4.188999357677641
4.224135262625558
4.280435108003163
4.183660234723773
3.7045618693033853
3.685848054431734
4.14839354015532
4.182721092587426
4.149589538574219
4.203600202287946
4.285596211751302
4.213074457077753
3.604669843401228
4.153239295596168
3.605088370186942
4.280406770252046
4.259081522623698
4.250973656063988
4.251992361886161
4.236861456008184
4.357431320917039
3.5254113333565846
4.228517078218006
3.5179951985677085
4.189458937872024
3.4935124715169272
3.4879920596168157
3.484213329496838
4.220118568057106
4.130632672991071
4.151708693731399
3.4636332194010415
4.195697966076079
4.237197512672061
4.226632617768788
4.254990713936942
3.432075863792783
3.422484624953497
4.186572120303199
4.163141523088727
4.112993512834821
3.3682763235909596
4.10184333437965
4.106711251395089
4.147887820289249
3.3167898995535716
4.193629310244606
3.322488330659412
3.3027576264880953
3.2997323899042037
4.108231680733817
4.136802310035343
3.2628602527436756
3.3258619762602306
3.3003707159133184
4.163889930361793
4.124902634393601
3.303116934640067
4.184116545177641
3.302779788062686
4.108909606933594
4.10365477062407
4.093136742001488
4.124941871279762
4.08210209437779
3.2535222371419272
3.2827046712239585
3.251289730980283
3.3034210205078125
3.268431163969494
3.267094203404018
3.29390135265532
4.1207867576962425
4.143296741303944
3.264932178315662
4.128836495535714
3.250229245140439
4.093888419015067
4.095241364978609
3.222527640206473
4.154688153948102
4.142963591076079
3.235501970563616
3.1874647594633556
4.113610040573847
4.125285920642671
4.0450185139973955
3.2130374000186013
4.079873584565663
3.1824551536923362
4.0425600324358255
4.016690208798363
3.9886296590169272
4.081614539736793
4.088810148693266
3.224276588076637
3.196444556826637
3.1971617199125744
4.040095374697731
3.2094228835332963
3.2204357328869047
4.131010872977121
4.158619471958706
3.2040743146623885
4.101262773786273
3.1725881667364213
4.152219136555989
4.14232671828497
3.2105404081798734
4.1124510992141
3.184614998953683
3.142880394345238
3.1790288289388022
4.103979928152902
3.1804373604910716
4.003758385067894
3.9987818400065103
3.1618761335100447
3.1722699119931175
3.1506885346912203
4.106616065615699
4.080748785109747
3.1506474812825522
3.14457520984468
3.1809361775716147
3.169566199893043
3.1723865327380953
4.045205979120164
3.167748587472098
4.063016619001116
4.040493556431362
3.1657507760184154
4.0599517822265625
3.167578560965402
3.183324541364397
4.033110482352121
3.1778121221633184
4.07253665015811
3.2188168480282737
4.058998107910156
4.061781383696056
3.206851777576265
4.076951889764695
4.080996195475261
3.1878883725120906
4.053926740373884
4.014264061337426
4.045813424246652
4.030957176571801
3.176833016531808
3.160305931454613
4.082087562197731
4.07362547374907
4.081722077869234
3.162419637044271
4.059923807779948
4.0533447265625
3.177190508161272
4.106577918643043
4.039729163760231
3.165223621186756
4.130201067243304
3.1557399204799106
3.1938153221493675
4.098944891066778
3.163904462541853
4.1241571335565474
4.118878682454427
3.170054481143043
3.2017854963030135
4.123376755487351
4.097401210239956
3.1805641537620906
3.18252926781064
3.1710045224144343
3.1761449178059897
4.124980018252418
4.115925380161831
3.1760817028227306
3.157349359421503
4.164871942429316
3.1587222871326266
3.1533922467912947
4.123782203311012
4.112049647739956
3.1726797194707963
4.112134660993304
4.098619733537946
4.077103751046317
4.107736133393788
4.08785647437686
4.138889494396391
4.178445361909413
4.0941888718377974
4.128039042154948
4.103948320661273
4.017078581310454
3.147272382463728
4.050282796223958
3.1745511009579612
4.082947503952753
4.085216340564546
4.079735528855097
3.155831836518787
4.065389724004836
4.01583499000186
4.0398675827752974
4.015432448614211
4.056119646344866
3.161870683942522
3.1648443312872026
4.0108660743350075
4.011923290434337
4.039023626418341
3.1542263939267112
3.168338957287016
3.1350279308500744
4.032159714471726
4.013003758021763
3.1641991024925593
4.008454822358631
3.1569998604910716
3.133512951078869
3.9805018107096353
3.998116992768787
3.1326453799293157
4.034423464820499
4.039822533017113
3.1494307745070684
4.017966497512091
3.0947178431919644
3.9899840581984747
3.133372352236793
3.109899248395647
3.128016153971354
4.062510899135044
4.071104867117746
4.020956130254836
3.110634213402158
4.084366934640067
3.1067272367931547
4.046949114118304
3.141902741931734
4.090447198776972
3.0945460001627603
4.052486601329985
4.074995495024181
4.144864400227864
3.148010980515253
4.131762549990699
3.1096224103655135
3.979585193452381
4.044935680571056
3.1007701328822543
3.1148198445638022
4.043999444870722
3.120514642624628
3.100282214936756
4.022139776320684
3.1093041556222096
3.1102073306129094
4.018978300548735
4.002800714401972
3.088618687220982
4.04417237781343
3.1428709484281994
3.989436921619234
4.00654057094029
3.1190196446010043
4.045150393531436
3.983456566220238
3.1140162150065103
3.1496861775716147
3.9867055983770463
3.1650172642299106
3.126102265857515
3.935368855794271
3.9868251255580356
3.154449462890625
3.1168129330589656
3.9322742280505953
3.122126988002232
3.106763930547805
3.9985264369419644
3.101466950916109
3.9395995367140997
3.093813941592262
3.1206592378162203
3.9825272333054316
3.120335170200893
4.035149710518973
3.080479939778646
3.9701014927455356
3.1052569434756325
3.139861333937872
3.109744843982515
3.110192435128348
3.107607886904762
3.0839542207263766
3.9834347679501487
4.028434753417969
3.111605689639137
4.0050372169131325
4.0628778366815474
3.0725613548642112
3.970462617420015
3.104684375581287
3.083828880673363
4.025189717610677
3.1250377836681547
3.115464346749442
3.988303774879092
3.0870386759440103
3.135221208844866
3.108739217122396
3.1242163521902904
3.993623279389881
3.1038680303664434
3.123865400041853
3.9536724998837425
3.0927977789015997
3.0981953938802085
3.12371826171875
3.102232433500744
3.088180178687686
3.9692749750046503
3.11981201171875
3.9894612630208335
3.109468732561384
3.1469933646065846
3.993467785063244
4.003230503627232
4.002696446010044
3.104786827450707
4.042066301618304
3.9474004109700522
4.069706508091518
3.0953038533528647
3.045407249813988
3.97221192859468
3.988743010021391
3.9532049269903276
3.045112064906529
4.027538117908296
4.011937822614398
3.984522501627604
3.9714046659923734
3.088019598098028
3.07835206531343
3.0540284656343006
3.102411905924479
3.1128260294596353
3.1415081932431175
3.982390630812872
3.944416954403832
3.0937296549479165
3.9563892909458707
3.114356268019903
3.9375940958658853
3.9482178460984003
3.1223482404436385
3.985548836844308
4.148551214308966
3.13364991687593
3.994456336611793
3.1381654285249256
3.1199707757859003
4.074009123302641
4.003177461170015
3.111527579171317
4.047398521786644
4.009020124162946
3.9816778273809526
3.093534923735119
3.155826750255766
3.1575760614304316
3.094529288155692
4.025727044968378
3.1126527332124256
3.987970987955729
4.025455293201265
4.037426903134301
4.064943949381511
3.174446469261533
3.1797289167131697
3.1378773280552457
3.1353429158528647
3.962709699358259
3.962956019810268
3.126085190545945
3.981535412016369
3.975998288109189
3.1523826235816594
3.145712352934338
3.9134808494931175
3.945358639671689
3.122336978004092
3.9645512898763022
3.0963647024972096
3.1168565295991444
3.097866966610863
3.1013732183547247
3.1066109793526784
3.934105646042597
3.1042251586914062
3.905022757393973
3.1072071620396207
3.1236953735351562
3.9089082990373885
3.0822219848632812
3.0993568783714656
3.1001463390531994
3.08438473656064
3.895268758138021
3.0900951567150297
3.9279923211960566
3.079946972074963
3.084243411109561
4.00347900390625
3.906787327357701
3.068580990745908
3.931401570638021
3.9524434407552085
3.866307576497396
3.866463070824033
3.8771104358491444
3.980261666434152
3.900884355817522
3.1109317597888766
3.094512212844122
3.903745378766741
3.073083060128348
3.9062965029761907
3.983387901669457
3.11204347156343
3.855638413202195
3.9624964396158853
3.872557140531994
3.08767336890811
3.0556259155273438
3.0710623604910716
4.03778802780878
3.889064607166109
3.0640567597888766
3.0724708920433406
3.0579993838355657
3.9064767020089284
3.1050226120721724
3.941533769880022
3.043561481294178
3.9096548897879466
3.900484357561384
3.0670006161644343
3.076203119187128
3.922979082380022
3.970814659481957
3.076594034830729
3.918829781668527
3.9286375499906994
3.097547621954055
3.9278143019903276
3.8912106468563987
3.056133815220424
3.911134265718006
3.907954988025484
3.069454374767485
3.782935369582403
3.8557815551757812
3.9528910319010415
3.845250447591146
3.0870248703729537
3.88749513171968
3.8961980910528276
3.8622934250604537
3.8775892711821056
3.8976356869652156
3.0703760782877603
3.096197945731027
3.9797610328311013
3.9129449753534224
3.0808799380347844
3.8712354387555803
3.076138450985863
3.9262913295200894
3.1162487211681547
3.899123782203311
3.0715542747860862
3.9056421915690103
3.892339433942522
3.058178492954799
3.917769295828683
3.0681199573335194
3.915921165829613
3.1032079060872397
3.088588169642857
3.912503923688616
3.0968170166015625
3.9110074724469865
3.0635437738327753
3.8248272850399925
3.0599466959635415
3.0516135806129094
3.069851829892113
3.0818103608630953
3.819492885044643
3.9138681320917037
3.85752687000093
3.028600056966146
3.868344261532738
3.053976513090588
3.065458751860119
3.9501825968424478
3.8950576782226562
3.840398515973772
3.044205983479818
3.8578040713355657
3.033992404029483
3.074803670247396
3.808526175362723
3.8274121965680803
3.847542172386533
3.087843032110305
3.8891648792085194
3.0719077700660344
3.094727289109003
3.0548473539806547
3.0845565795898438
3.8677902221679688
3.855961390904018
3.9195938110351562
3.8866500854492188
3.1220031011672247
3.0891796293712797
3.883672441755022
3.9253714425223216
3.9143582298642112
3.0750808715820312
3.889872596377418
3.9324467976888022
3.8632990519205728
3.8363760085332963
3.818294343494234
3.0914481026785716
3.876888093494234
3.1048104422433034
3.1215369814918157
3.0973754156203497
3.094416300455729
3.942099071684338
3.1301977975027904
3.088515145438058
3.089631580171131
3.904434567406064
3.063107445126488
3.906785147530692
3.8418651762462797
3.8721211751302085
3.876840137300037
3.0636218843005953
3.8433616274879094
3.0803233555385043
3.086613972981771
3.8682923089890253
3.066922869001116
3.040279025123233
3.0635593959263394
3.0660338628859747
3.0644698370070684
3.0455758231026784
3.8832208542596724
3.086055937267485
3.8098547799246654
3.9303385416666665
3.0725515456426713
3.0884766351609003
3.859163556780134
3.851442609514509
3.851359412783668
3.872460501534598
3.9346912928989957
3.0444859095982144
3.951941353934152
3.124045962379092
4.028248378208706
3.9666806175595237
3.9204929896763394
3.0619583129882812
3.9481295631045388
3.9533033825102306
3.9769617716471353
3.0974488031296503
3.0604000999813987
3.06161862327939
3.082943144298735
3.045086996895926
3.0682191394624256
3.912550789969308
3.951821826753162
3.9431980678013394
3.044248308454241
3.940907432919457
3.084733145577567
3.914236522856213
3.0696251278831843
3.1062709263392856
3.0975970313662575
3.0686136881510415
3.0879745483398438
3.0636484055292037
3.067612057640439
3.9025740850539434
2.998385474795387
3.853008815220424
3.071234566824777
3.9344580514090404
3.0545116606212797
3.0275877089727494
3.827543712797619
3.850003197079613
3.0668792724609375
3.776058378673735
3.0450352260044644
3.8915884835379466
3.87587156749907
3.8036822364443825
3.0499362037295388
3.853153773716518
3.9182452247256325
3.8828917003813244
3.0559063866024925
3.9191153390066966
3.082979474748884
3.8652547200520835
3.8686465308779763
3.0960471743629094
3.8456751505533853
3.894316173735119
3.0845543997628346
3.9435101463681175
3.9730326334635415
3.097132364908854
3.0610529581705728
3.915076119559152
3.0954531715029763
3.082151140485491
3.931452069963728
3.1109906151181175
3.110147022065662
3.0731829688662575
3.0653464907691594
3.096370878673735
3.9361790248325894
3.9458429245721724
3.079438709077381
3.0545643397739957
3.850223722912016
3.047926039922805
3.8628743489583335
3.0695499238513766
3.0282314845493863
3.072937738327753
3.898435320172991
3.1148358299618675
3.088017781575521
3.886027381533668
3.948761712937128
3.0729003179640997
3.8927423386346724
3.047908238002232
3.9697538103376115
3.883738563174293
3.0803240821475075
3.091069902692522
3.0581348964146207
3.0656302315848216
3.867844717843192
3.0576415289015997
3.8666944957914806
3.047490801130022
3.01864987327939
3.8617706298828125
3.9012156895228793
3.0652233305431547
3.061591012137277
3.9500859578450522
3.829532441638765
3.0577316284179688
3.9002681913829984
3.8825076875232516
3.880953107561384
3.8419541858491444
3.0090393793015253
3.9000621977306547
3.9410574776785716
3.8542269752139138
3.0160300845191594
3.0361606052943637
3.832984197707403
3.8753545851934526
3.0508204868861606
2.9988299778529575
3.9054681687127974
3.8481968470982144
3.9261096772693453
2.9835584731329057
3.8421133132207963
3.9199320475260415
3.0504212152390253
3.8002301170712425
3.0407571338471913
3.036781674339658
3.8827002389090404
3.0272305806477866
3.04745846702939
3.847830272856213
3.0538609822591147
3.0220936366489957
3.895292736235119
3.8638563610258556
3.0431140718005953
3.844632829938616
3.033443632579985
3.029181162516276
3.05294436500186
3.0235116141183034
3.0077632722400485
3.0402921040852866
3.0444955371675038
3.06747073218936
4.002570379348028
3.0317455473400297
3.057864961170015
3.9320885794503346
3.8780790056501115
3.8541979108537947
3.872797648111979
3.0327286493210566
3.0091741652715776
3.0032940819149925
3.0683215913318453
3.015065692719959
3.017979213169643
2.998073032924107
3.0932017735072543
3.8438063121977306
2.9952083769298734
3.8738592238653276
3.8809887114025297
3.0233739217122397
3.8710410708472844
3.9331534249441966
3.028895241873605
3.023512704031808
3.0004681178501675
3.0460931687127974
3.023397899809338
3.824467976888021
3.0506922403971353
3.0183655875069753
3.041818164643787
3.9698293776739213
3.076880682082403
3.867095947265625
3.8722007388160344
3.904602777390253
3.9075393676757812
3.8714112781343006
3.050505138578869
3.035610017322359
3.0480350312732516
3.962107703799293
3.8434175763811385
3.0398238045828685
3.9342789422898066
3.035054706391834
3.0234671093168712
3.9896123976934526
3.837361290341332
3.0381139119466147
3.8427065894717263
4.283951895577567
4.063032967703683
3.0162976582845054
3.8896066574823287
3.909789312453497
3.011311485653832
3.035592578706287
3.0188565935407365
3.0441796439034596
3.0434263320196244
3.060604277111235
3.0380456107003346
3.0314763387044272
3.0617501395089284
3.0364523388090587
3.909824552990141
3.989199683779762
3.008153279622396
3.9016273135230657
3.9421255929129466
3.0372401646205356
3.0303555443173362
3.0203134445917037
3.904470897856213
3.0278719947451638
3.015963599795387
3.030073438371931
3.030840737479074
3.048553466796875
3.066192626953125
4.005154200962612
3.088740757533482
3.035609109061105
3.974727812267485
3.044477008637928
3.0410288856143044
3.9179509480794272
3.0535587129138766
3.9242139543805803
3.943345932733445
3.994597662062872
3.0252807253883
3.9068222045898438
3.0763829549153647
3.0687967936197915
3.0734176635742188
3.9535144624255953
3.043631054106213
4.000851222446987
4.018527439662388
4.027313232421875
4.002313886369977
3.966976347423735
3.072616940452939
3.0748033069428944
3.0737642560686385
3.0633534022739957
3.103333246140253
3.1005427042643228
3.9800320579892112
3.0408697582426525
3.963597615559896
3.0907894316173734
3.9638853527250744
3.072615487234933
3.987784976050967
3.930268060593378
3.921175275530134
3.950210934593564
3.1253048124767484
3.93764895484561
3.0758797781808034
3.9962997436523438
3.0880813598632812
3.985641842796689
3.9868236723400297
3.0773511614118303
3.0448711940220425
3.0844417753673734
3.0966934930710566
3.9959011986142112
3.995546613420759
3.1147123064313615
3.997532435825893
3.1121190388997397
3.036825634184338
4.02340080624535
4.011355082194011
4.025132678803944
3.1133226667131697
3.989281790597098
3.1187337239583335
4.067235674176898
3.1372266496930803
3.0789039248511907
3.0771778651646207
3.974330357142857
4.05377923874628
3.1094759986514138
3.1032791137695312
4.08434331984747
3.102935064406622
3.991358439127604
3.0978509812127974
3.13699704124814
4.026684715634301
4.027171906970796
3.986980983189174
3.982680911109561
3.9936654227120534
3.097831362769717
3.1061815534319197
3.9137780325753346
3.1010309855143228
3.9643438430059526
3.070159185500372
3.07967776343936
3.078154064360119
3.056193397158668
3.065338134765625
4.005416506812686
3.956872122628348
3.0991853986467635
3.051823207310268
3.982873099190848
3.9251596359979537
3.9995447794596353
3.9321176438104537
3.960856483096168
3.062074933733259
3.084370567685082
3.057092939104353
3.0664309547061013
3.0767898559570312
3.0782957531156994
3.045489174979074
3.8927194504510787
3.8935750325520835
3.8735584077380953
3.9038314819335938
3.9245347522553944
4.059783208937872
3.0567630586170016
3.078058878580729
3.0919065929594494
3.1170421781994047
3.092280069986979
3.0859476725260415
3.0652829124813987
3.053224836077009
3.9976000104631697
3.9693145751953125
3.936609540666853
3.0739593505859375
3.965786888485863
3.055843534923735
4.048238481794085
3.0488887968517484
3.9058761596679688
3.9002583821614585
3.9611384073893228
3.0870154244559154
3.9445669991629466
4.065436226981027
3.909787132626488
3.971751258486793
3.9166052682059154
3.8823485601515997
3.081833249046689
3.8765596662248885
3.0485153198242188
3.0589356195359003
3.023880186535063
3.09176999046689
3.9603409540085566
3.070275442940848
3.0457574753534224
3.043290456136068
3.0760828653971353
3.041335696265811
3.92851075671968
3.878953116280692
4.456254141671317
3.0374788556780135
3.9344947451636907
3.047114780970982
3.8058053879510787
3.0266561962309337
3.0156446184430803
3.893783206031436
3.8899448939732144
3.0057029724121094
3.9207454863048734
3.852455502464658
3.844375973656064
3.0380332583472844
3.8985671997070312
3.9151473272414434
3.0357349940708707
3.051451183500744
3.0575503394717263
3.039485568091983
3.0604415166945684
3.9224610101609003
3.0025901794433594
3.8955931890578497
3.90679931640625
3.888905479794457
3.039542788550967
3.8551392328171503
3.0244064331054688
3.0592662266322543
3.988906497047061
3.0529788789295016
3.8836851574125744
3.890052068801153
3.0479761759440103
3.0741976783389138
3.042985643659319
3.875646318708147
3.038615272158668
2.9877293904622397
3.9244192214239213
3.046168917701358
3.91007813953218
3.0401772998628163
2.9875684465680803
3.010376703171503
3.0112776983351934
3.0187265305292037
3.8838958740234375
3.0066906156994047
3.008784521193731
2.9864371163504466
3.009952363513765
3.0727655319940474
3.0609508696056547
3.879317147391183
3.0742830548967635
3.0496077764601934
3.8597230457124256
3.0393455142066594
3.8112640380859375
3.863896687825521
2.9859591892787387
3.0064010620117188
3.8808361235119047
3.8178518386114213
3.8149523053850447
3.849274408249628
3.8663271949404763
3.889457339332217
3.7514964512416293
3.0574824015299478
3.9000033424014138
3.9321241832914806
3.019648779006231
3.818383353097098
3.808032444545201
3.0043783641996837
3.044987088158017
3.0239539373488653
3.0287144978841147
3.905945550827753
3.8964425949823287
3.849025544666109
3.0058401198614213
2.966476803734189
3.8242794218517484
2.9981275285993303
3.8369434901646207
3.826338631766183
3.037169865199498
3.0294656299409413
3.914433070591518
3.8782741001674106
3.0116780598958335
2.974714914957682
3.0027569362095425
3.8979909987676713
3.022503989083426
3.9240915207635787
3.947424752371652
3.0015560331798734
3.0440032595679876
3.906402587890625
3.0408421471005393
3.8853607177734375
3.914608183361235
3.083026341029576
3.067059108189174
3.9157337007068453
3.0700941539946056
3.9650657290504094
3.929946536109561
3.954804193405878
3.8975321451822915
3.8859336489722844
3.887312752859933
3.8310579572405135
3.8992901756649925
3.9281979515438987
3.894183567592076
3.955601283482143
3.046424139113653
3.065449669247582
3.0779015677315846
3.9827154250372026
3.9916908627464656
3.088058108375186
3.893744695754278
3.8822911580403647
3.074861072358631
3.071010407947359
3.0399783906482516
3.080191112699963
3.0937906901041665
3.8470887683686756
3.1028634934198287
3.913204374767485
3.1073986235119047
3.9403508504231772
3.014485858735584
3.0538707914806547
3.8898424421037947
3.838648478190104
3.0685570126488093
3.081872122628348
3.1017041887555803
3.9175858270554316
3.044162931896391
3.064937773204985
3.0474608285086497
3.9683870588030135
3.8750010899135043
3.0629127139136907
3.830576942080543
3.056758698962984
3.090630304245722
3.0435204278855097
3.8975412277948287
3.0989412580217635
3.0670282273065474
3.8804884411039806
3.8404762631370906
3.917966570172991
3.912937345958891
3.0560923985072543
3.0479896182105657
3.0628636678059897
3.9073264712379094
3.8914071945917037
3.0229799179803756
3.9115992954799106
3.0343722388857888
3.9339806692940846
3.933554149809338
3.841876438685826
3.8679275512695312
3.8946551368350075
3.026802426292783
3.036717006138393
3.8749476841517856
3.0500201270693825
3.0247305007207963
3.063708714076451
3.0413075401669456
3.799198695591518
3.060541425432478
3.9331476120721724
3.0307735261462985
3.895347231910342
3.821537562779018
3.067030043829055
3.0400027320498513
3.8620118640718006
3.0740559895833335
3.038071042015439
3.0672403971354165
3.8212977818080356
3.870547340029762
3.8897948492140997
3.0107925051734563
2.984299795968192
3.963067190987723
3.0111901419503346
3.778463817778088
3.0310458228701638
3.0628585815429688
3.8192432948521207
3.812087649390811
3.887636457170759
3.062715076264881
2.9982532319568453
2.9901001339867
3.0095481872558594
3.0346857706705728
3.8756917317708335
3.809514363606771
2.9813833690824962
3.8045287359328497
3.8537408737909224
3.8200436546688987
2.9988739376976374
3.823795863560268
3.912063235328311
2.9925916762579057
3.0062266758510043
3.015002659388951
3.816216241745722
2.9407295953659784
2.994389306931269
3.859633309500558
3.8175888061523438
3.050542195638021
3.8421808878580728
3.8194322131928944
2.998016902378627
2.99138187226795
3.020361764090402
3.8191927955264138
3.85491943359375
3.8586556570870534
3.0071082342238653
3.0411863781156994
3.065343221028646
3.8588078816731772
3.0246814546130953
3.0126742408389138
3.8544209798177085
3.89291018531436
3.8390590122767856
2.952976408458891
2.9528100149972096
3.79060545421782
3.7879511515299478
3.8688834054129466
3.799442472912016
3.0415489560081843
3.8493739536830356
3.7820721580868675
3.0144181024460566
2.9480821518670943
3.8499759492420016
3.8371669224330356
3.8880386352539062
3.881006513323103
3.917943318684896
2.9807646615164622
2.9831650143577937
3.856258573986235
3.0040430341448103
3.8926478794642856
2.9848149617513022
3.8278619675409224
3.8109563191731772
3.8358543032691594
2.9952501569475447
3.8256320045107888
2.951707567487444
2.9503562563941594
3.0257599240257624
3.9078954060872397
3.8582680111839656
3.9332137334914434
3.8469590686616444
2.96650386991955
3.0152720496768044
2.9906438191731772
3.000535874139695
3.0314163934616816
2.992652348109654
3.0084255763462613
2.965094430106027
2.928893498011998
3.8519159952799478
3.7218569800967263
2.9800852820986794
3.902555193219866
3.0348763238816034
3.913517543247768
3.857230776832217
3.007882617768787
3.046244121733166
3.033146086193266
3.871486482166109
3.924525669642857
3.0262779962448847
3.0099064054943265
2.9918118431454612
2.9683343796502974
3.7787784394763766
3.0418893723260787
3.880141848609561
3.88173094249907
3.8112357003348216
3.7539560227167037
3.7964695521763394
3.7819984072730657
2.984156472342355
3.75596437000093
3.900131588890439
3.8243582589285716
3.0382218133835566
2.9745728628976003
3.8421630859375
2.9800821940104165
2.9950552440824962
2.9954815819149925
3.0179724920363653
2.969627925327846
2.9940606980096724
3.8953341529482888
3.8977177937825522
2.993870871407645
3.0050555637904575
3.9544212704613093
2.9623331342424666
3.805148170107887
3.8255284627278647
2.9895079476492747
2.958625975109282
3.0199248904273626
3.8231553577241444
2.9396075294131325
3.842152550106957
3.0202534993489585
2.995430900937035
3.0090450105212985
3.0633130754743303
3.963005792526972
2.980865478515625
3.9061951410202753
3.0342993963332403
3.8871292840866816
3.044458661760603
3.8974703834170388
3.9059942336309526
3.0134061177571616
3.873821803501674
2.9926490783691406
3.9245133172898066
2.996076129731678
3.8593808128720237
2.963630857921782
3.853766305106027
3.8533688499813987
3.00467282249814
3.009587969098772
2.999372754778181
3.8661717006138394
3.894759041922433
3.845035371326265
2.984652564639137
4.0090924217587425
2.9847733633858815
2.9693572634742376
3.0512869698660716
2.9930189223516557
2.9912147521972656
3.9826572963169644
2.9732157389322915
3.922769092378162
3.8612612769717263
2.9197449457077753
3.9033602759951638
3.9805712018694197
4.006778535388765
3.8450626191638766
3.0540208362397694
2.9875135875883556
3.0394007364908853
3.901859828404018
2.9956570579892112
3.882068089076451
3.048361278715588
3.8785552978515625
3.02276611328125
3.021016075497582
3.8472181047712053
3.0005315144856772
2.939383007231213
3.9086547124953497
3.024745577857608
3.0135730561755953
2.992753346761068
3.850250244140625
3.8765069870721724
2.977039337158203
2.9757080078125
3.9315269106910344
3.0112477257138206
3.023707071940104
3.9147386096772694
3.897317432221912
2.959111894880022
3.9021602812267484
3.935424078078497
3.040581476120722
3.777681623186384
3.853186834426153
3.0187185378301713
3.8507207234700522
3.8908589680989585
3.8610992431640625
2.9802618480864025
3.909489222935268
3.973532177153088
3.8964229765392484
3.923569815499442
3.0598373413085938
3.0254514785039994
3.877934773763021
3.0352725074404763
3.056007748558408
3.0270282200404575
3.946164085751488
3.899128868466332
3.922887529645647
3.9043996901739213
3.9024142310732888
3.958132062639509
3.0758794148763022
3.903761000860305
2.9888209388369607
3.884051731654576
3.010150364467076
3.927006312779018
2.9744960239955356
2.948750995454334
3.8348592122395835
2.9852512904575894
3.859709240141369
3.8921635945638022
3.9242720831008184
3.881854466029576
3.010601770310175
3.8920030139741444
3.846018836611793
3.8850711640857516
2.9917429969424294
3.0204051789783297
3.9306742350260415
3.953849429175967
3.897769746326265
3.0361622401646207
3.033160618373326
3.001015072777158
3.071093967982701
3.004543122791109
3.0091543651762462
2.9680755251929876
3.9621334984188987
3.953472682407924
2.994848160516648
3.0149632408505393
2.99078369140625
3.929540361676897
3.907830011276972
3.9227512904575894
3.000420706612723
3.0464028858003163
3.9027172270275297
3.9554519653320312
2.998687744140625
3.0288763500395275
3.952818371000744
3.0117483593168712
3.9779735746837797
3.014490218389602
3.9365772065662203
3.958184015183222
2.9761483328683034
2.9859906151181175
2.996890113467262
3.0493981497628346
3.035762060256231
4.048489525204613
3.00758543468657
3.9358233497256325
4.0445269630068825
3.011287507556734
4.0277386619931175
2.9527586074102494
4.000098455519903
3.965154012044271
3.88606443859282
3.0076691763741628
2.9838153294154575
2.9924105689639138
3.0204620361328125
2.9954441615513394
2.9985108148484003
3.9653189522879466
2.9981802077520463
4.054961794898624
3.00492186773391
3.0208613077799478
3.018456050327846
3.0177323477608815
2.991256532214937
3.9265957786923362
3.8586883544921875
2.9768573216029575
2.9405966259184337
2.9895662580217635
2.9377394176664806
3.972515651157924
3.8764957246326266
2.9851332164946056
2.9970145452590216
3.8382677350725447
3.016627720424107
3.938232421875
2.991447085425967
2.9530218215215776
2.952937898181734
2.9542205447242376
2.9664891560872397
2.9773643130347844
2.9873190380278087
3.877357846214658
3.9079833257765997
2.9400122506277904
2.967251187279111
3.9263494582403276
3.979347592308408
3.943575177873884
3.948824927920387
3.8589466639927457
3.8014133998325894
3.909123738606771
3.925939287458147
2.9393150692894343
2.973131088983445
2.9761363438197543
3.0012670244489397
2.9586648486909413
3.0268663678850447
2.961415245419457
2.992964608328683
2.9782326107933406
3.979490007672991
2.9954621451241628
2.9863528297061013
2.9683409191313244
2.9943320864722844
3.9296493530273438
3.9189144316173734
3.0414325169154575
2.976365225655692
3.872090294247582
3.0158878508068265
2.9495248340425038
3.9576844714936756
3.9166492280505953
3.889314923967634
2.9891624450683594
3.971288408551897
3.828692844935826
3.8444500877743675
3.938309805733817
3.9473789760044644
3.8666272844587053
3.928253900437128
3.030155363537016
3.9615787324451266
3.8751424153645835
4.029996236165364
3.8631530035109747
3.946481250581287
4.047334216889881
3.906223842075893
3.890048072451637
3.0131805056617376
3.9297652471633184
3.8684129260835194
3.0280999683198475
3.8512569609142484
3.822509765625
3.825787135532924
3.0035218738374256
2.918117159888858
3.8453445434570312
3.8985817318870906
3.0309920538039434
3.907833281017485
3.8717139107840404
3.9740923926943825
3.9817421322777156
3.0304087684268044
2.9814144316173734
3.8919154575892856
3.924948192778088
3.9345862978980657
3.000877925327846
3.008374350411551
3.896385919480097
3.9357110886346724
3.9482999529157365
3.0419625781831288
3.9544666835239957
3.0547034853980657
3.8464297340029763
3.8938282557896207
3.844609578450521
3.0236424037388394
3.013809567406064
3.9195164271763394
3.968998500279018
2.996882665724981
3.0148487999325706
3.849441165015811
3.028321039109003
3.934927440824963
2.9691394624255953
3.0567496163504466
3.8459083920433406
3.0124133882068453
2.965083712623233
3.90432375953311
3.9244817097981772
3.869156247093564
3.0022466750372026
3.0338338216145835
3.0073558262416293
3.8756270635695684
2.9892000470842635
3.810608636765253
3.024052211216518
2.9795755658830916
3.0081861586797807
2.917598179408482
2.984466007777623
3.0067474728538874
3.9372376941499256
2.991687229701451
3.0037723722912015
3.858624049595424
2.9867342994326638
3.9845308576311385
3.9694217500232516
3.962673005603609
3.9875430152529763
3.9210742768787203
3.907864525204613
3.9381121680850075
3.934927440824963
3.000481196812221
4.006357828776042
2.975630078996931
3.8377478463309154
3.8802708217075894
2.9703031267438615
2.9747695922851562
3.8629372006370906
3.970669700985863
3.952968415759859
3.007503691173735
3.0013841901506697
3.8590887160528276
3.8451450892857144
3.9310520717075894
3.0036477588471913
3.868710472470238
2.990586962018694
2.9470814296177457
2.972697303408668
3.8787783668154763
3.8673836844308034
3.857204255603609
2.969282967703683
3.8860023135230657
3.034440176827567
2.980082012358166
3.001251765659877
3.9618406749906994
2.9701394580659413
2.966152009509859
3.879391624813988
3.860920860653832
3.875398181733631
3.874647957938058
3.8826006934756325
3.9303530738467263
3.8968709309895835
3.8396192278180803
3.833530607677641
3.0236903599330356
3.8761080787295388
3.9995015462239585
3.009216853550502
3.849793207077753
2.963592529296875
2.944532666887556
2.9643636431012834
2.908272152855283
2.906411670503162
3.8378052484421503
3.779476347423735
2.959225609188988
4.198496500651042
3.7860365368071056
3.816813514346168
2.9445368448893228
3.840586707705543
2.978847866966611
3.848729451497396
3.835454668317522
3.852917262486049
3.8757571265811013
2.947669256301153
3.7992342994326638
3.758084251767113
2.991119384765625
3.8610647292364213
3.7597162155877974
3.815055483863467
2.9466120402018228
3.8829262143089656
2.9864009675525485
2.986876896449498
2.9692684355236234
3.9014511108398438
3.9154910132998513
3.9072865077427457
2.9175894601004466
3.843595232282366
2.9819859095982144
4.000581287202381
3.9829388573056175
3.8607381184895835
2.9272742498488653
2.8877835954938615
3.9082020350864957
3.787683759416853
3.792862301781064
2.966843741280692
3.8577488490513394
3.8032139369419644
2.9484156653994607
2.9582637605212985
3.781438555036272
3.8530796595982144
3.9213460286458335
3.805749075753348
2.9287120274135043
3.800083705357143
3.7220477149600075
2.9237135024297807
3.8514549618675593
3.7949741908482144
2.863102322533017
2.930873144240606
3.7584275745210194
2.933945973714193
3.801157996768043
3.7707196190243675
3.772195361909412
3.818484351748512
3.771033150809152
3.8628245762416293
3.775539216541109
2.9384273347400485
3.7535240536644343
3.7933847336542037
2.9664822533017112
2.9204735528855097
2.9462391081310453
2.8989150637672063
3.7551527477446056
3.7801691691080728
3.8548467726934526
3.796290079752604
3.813157217843192
3.816831316266741
3.788144792829241
3.741432553245908
2.9225000653948103
3.7820906866164434
3.8307400658017112
2.9494995843796503
2.906736283075242
2.905128660656157
2.9485626220703125
2.928675878615606
2.8971755618140813
2.8917112804594494
2.9543974740164622
3.815431867327009
2.957107725597563
2.9523678734188987
3.867772420247396
3.71854000999814
2.926055363246373
3.787764413016183
2.9245926993233815
3.8001309349423362
2.9557030087425593
3.7956092471168157
3.9264686221168157
3.8135012672061013
3.796383085704985
2.965449560256231
3.8666443597702753
2.9162405104864213
3.0159605117071244
3.041144779750279
3.8663348243350075
3.830989292689732
2.9499499003092446
2.99202146984282
2.9878002348400297
3.794824872698103
3.733489263625372
3.8474815005347844
3.7453260875883556
3.8202540079752603
3.792618887765067
3.8062562488374256
3.808599199567522
2.9914138430640813
2.9975220816476003
2.954072498139881
3.692317417689732
3.717441740490141
3.7559044247581843
2.9344507853190103
2.932815915062314
2.990007128034319
3.842574709937686
2.9488427298409596
3.783677963983445
2.9149168105352494
2.969456445603144
4.072862534295945
2.9689238412039622
2.9515960330054876
3.8635406494140625
2.910570053827195
3.7892310732886907
2.9403493972051713
3.7623196556454612
3.872286841982887
2.9514496212913874
2.956029256184896
2.9940737769717263
2.933931623186384
3.926884242466518
2.967647007533482
3.928130376906622
2.9619994390578497
3.9165794735863093
2.9081509908040366
3.748224894205729
3.8624859764462425
2.9249945141020275
3.9241351173037575
3.9450821649460566
2.9474710736955916
3.932351611909412
2.9711265563964844
2.947202591668992
2.936739240373884
2.942936488560268
2.9576021830240884
